134.75 -85.95 -76.12 58.98 71.69 22.51 0 Embryonic_leaf
155.96 -85.78 -51.53 52.5 48.68 24.83 0 Leaf
92.78 -38.44 -23.56 95.31 74.02 59.51 0 Leaf
115.57 -70.25 -61.13 14.99 14.94 25.89 0 Petiole
130.69 -83.82 -67.16 7.03 3.6 14.1 0 Petiole
1.52 -89.22 -79.09 47.68 106.23 33.12 0 Embryonic_leaf
47.23 -100.08 -0.71 120.62 116.52 53.36 0 Leaf
-48.16 -77.87 1.71 85.66 131.59 74.95 0 Leaf
-13.89 -84.21 -19.92 68.53 62.87 40.02 0 Leaf
-158.05 -102.64 -91.23 93.68 95.4 21.74 0 Embryonic_leaf
-212.08 -41.93 -56.73 116.96 83.39 57.96 0 Leaf
-118.19 -72.62 31.56 80.58 110.07 86.87 0 Leaf
-209.61 22.45 -5.93 102.37 41.36 67.92 0 Leaf
-102.98 80.49 -19.43 74.95 121.41 61.06 0 Leaf
44.2 57.9 -68.56 90.56 100.26 21.3 0 Embryonic_leaf
75.31 88.94 8.29 114.48 138.31 43.57 0 Leaf
-5.14 106.12 24.15 140.11 75.27 76.75 0 Leaf
-141.44 42.46 -75.44 97.47 53.37 21.44 0 Embryonic_leaf
-156.13 104.84 -29.49 70.3 91.39 91.64 0 Leaf
-152.17 28.45 -70.15 13.55 8.01 14.51 0 Petiole
-141.96 49.47 -64.25 5.5 23.35 22.87 0 Petiole
-147.23 42.39 -63.68 10.21 9.47 9.61 0 Leaf
-172.22 -86.96 -62.69 33.14 32.02 27.08 0 Petiole
-150.52 -100.52 -51.07 20.2 47.14 17.62 0 Leaf
-31.3 55.18 -62.18 47.02 132.18 36.2 0 Embryonic_leaf
-16.78 70.81 -21.93 59.32 36.69 24.8 0 Leaf
-39.99 50.8 -40.06 1.42 3.34 10.98 0 Leaf
-36.71 51.8 -48.09 7.79 9.34 22.82 0 Petiole
-60.76 57.95 -34.9 38.74 17.29 33.17 0 Petiole
7.26 -110.69 -31.68 6.51 3.43 13.32 0 Petiole
0.06 -106.3 -31.98 5.22 6.67 14.76 0 Petiole
124.89 -79.2 -73.77 5.12 4.84 10.68 0 Leaf
50.97 61.59 -51.95 3.12 4.67 10.75 0 Petiole
37.34 83.93 -27.16 10.63 12.0 5.66 0 Petiole
53.52 87.93 -17.16 1.4 0.0 2.03 0 Petiole
34.9 75.76 -17.19 11.62 15.67 10.06 0 Leaf
113.67 -61.61 -40.59 137.08 120.37 93.56 0 Plant
8.27 -85.21 -28.23 198.53 146.26 134.84 0 Plant
-174.23 -75.28 -13.55 192.66 150.1 177.09 0 Plant
-176.75 76.15 -29.06 168.1 148.77 114.19 0 Plant
-37.77 66.42 -8.87 205.38 154.66 142.8 0 Plant
65.73 82.93 -24.57 133.64 150.32 109.28 0 Plant
138.12 66.91 -71.15 92.27 81.32 61.05 0 Plant
