225.73 84.02 -81.75 47.74 47.62 34.55 0 Embryonic_leaf
136.05 84.55 -92.25 66.94 43.88 39.43 0 Embryonic_leaf
9.76 80.44 -93.85 71.09 40.92 29.1 0 Embryonic_leaf
-62.58 76.85 -84.82 75.81 45.44 42.67 0 Embryonic_leaf
151.51 -78.1 -84.21 55.41 35.34 45.02 0 Embryonic_leaf
107.32 -107.48 -91.37 67.38 53.54 33.85 0 Embryonic_leaf
36.53 -107.87 -82.29 77.04 40.35 37.94 0 Embryonic_leaf
-61.69 -103.33 -107.61 57.51 40.57 22.09 0 Embryonic_leaf
198.34 -83.04 -92.22 37.95 73.16 23.49 0 Embryonic_leaf
-91.87 -99.5 -79.53 94.43 41.57 31.88 0 Embryonic_leaf
-155.73 -89.19 -94.09 57.12 56.87 25.09 0 Embryonic_leaf
-144.43 88.65 -105.64 67.47 28.51 22.75 0 Embryonic_leaf
-110.77 70.62 -85.32 68.34 45.94 34.03 0 Embryonic_leaf
93.57 82.76 -84.93 74.91 41.62 31.74 0 Embryonic_leaf
52.96 76.93 -100.98 37.43 22.0 10.03 0 Embryonic_leaf
225.73 84.02 -81.75 47.74 47.62 34.55 0 Plant
136.05 84.55 -92.25 66.94 43.88 39.43 0 Plant
9.76 80.44 -93.85 71.09 40.92 29.1 0 Plant
-62.58 76.85 -84.82 75.81 45.44 42.67 0 Plant
151.51 -78.1 -84.21 55.41 35.34 45.02 0 Plant
107.32 -107.48 -91.37 67.38 53.54 33.85 0 Plant
36.53 -107.87 -82.29 77.04 40.35 37.94 0 Plant
-61.69 -103.33 -107.61 57.51 40.57 22.09 0 Plant
198.34 -83.04 -92.22 37.95 73.16 23.49 0 Plant
-91.87 -99.5 -79.53 94.43 41.57 31.88 0 Plant
-155.73 -89.19 -94.09 57.12 56.87 25.09 0 Plant
-144.43 88.65 -105.64 67.47 28.51 22.75 0 Plant
-110.77 70.62 -85.32 68.34 45.94 34.03 0 Plant
93.57 82.76 -84.93 74.91 41.62 31.74 0 Plant
52.96 76.93 -100.98 37.43 22.0 10.03 0 Plant
