203.91 -108.94 -73.31 56.64 40.99 41.34 0 Embryonic_leaf
69.73 -87.11 -78.42 58.32 41.32 39.78 0 Embryonic_leaf
235.26 63.18 -66.25 77.87 36.66 35.04 0 Embryonic_leaf
174.11 80.81 -76.99 48.63 49.38 36.47 0 Embryonic_leaf
67.29 63.93 -96.16 74.54 56.48 33.07 0 Embryonic_leaf
-46.67 86.86 -85.01 82.88 60.78 19.66 0 Embryonic_leaf
-93.22 54.77 -83.6 59.53 73.74 37.85 0 Embryonic_leaf
-148.72 63.91 -101.66 46.66 106.68 36.44 0 Embryonic_leaf
28.94 86.71 -67.36 47.68 35.73 47.42 0 Embryonic_leaf
203.91 -108.94 -73.31 56.64 40.99 41.34 0 Plant
69.73 -87.11 -78.42 58.32 41.32 39.78 0 Plant
235.26 63.18 -66.25 77.87 36.66 35.04 0 Plant
174.11 80.81 -76.99 48.63 49.38 36.47 0 Plant
67.29 63.93 -96.16 74.54 56.48 33.07 0 Plant
-46.67 86.86 -85.01 82.88 60.78 19.66 0 Plant
-93.22 54.77 -83.6 59.53 73.74 37.85 0 Plant
-148.72 63.91 -101.66 46.66 106.68 36.44 0 Plant
-20.14 -109.27 -72.95 80.91 92.98 47.75 0 Plant
28.94 86.71 -67.36 47.68 35.73 47.42 0 Plant
-188.7 82.58 -94.53 36.04 53.34 28.15 0 Plant
-162.5 90.13 -79.21 33.15 75.57 40.06 0 Plant
-57.12 -85.67 -134.23 22.54 22.88 13.71 0 Plant
-185.72 -96.44 -78.88 41.28 71.98 43.33 0 Plant
-144.93 -76.38 -62.48 58.67 92.11 52.69 0 Plant
-86.09 -95.94 -68.47 102.5 51.66 52.36 0 Plant
