196.19 99.98 -80.23 39.71 74.25 42.08 0 Leaf
97.22 -65.9 -78.63 65.13 62.28 24.87 0 Leaf
23.25 -90.08 -97.07 49.85 71.21 31.45 0 Leaf
-197.73 -66.5 -72.54 55.57 37.09 46.24 0 Leaf
-143.91 -69.16 -63.52 31.89 31.76 19.45 0 Leaf
-136.72 78.74 -70.93 40.78 38.42 27.17 0 Leaf
130.97 80.33 -70.39 29.12 34.94 26.13 0 Leaf
75.76 76.26 -63.14 36.43 32.42 28.1 0 Leaf
-35.11 62.34 -72.0 25.03 21.62 19.14 0 Leaf
-120.59 55.35 -92.95 12.71 15.63 9.26 0 Embryonic_leaf
213.15 83.5 -87.26 25.08 13.29 11.83 0 Embryonic_leaf
108.4 -84.76 -90.15 19.1 18.07 12.8 0 Embryonic_leaf
21.31 -93.88 -105.33 20.98 18.31 7.71 0 Embryonic_leaf
-201.42 -91.71 -87.21 21.49 19.99 12.36 0 Embryonic_leaf
-126.79 -84.75 -85.3 12.08 9.8 4.74 0 Embryonic_leaf
129.06 62.4 -88.91 22.35 12.01 13.11 0 Embryonic_leaf
79.42 61.83 -85.13 25.28 19.98 10.8 0 Embryonic_leaf
-34.63 55.7 -94.95 14.07 25.65 6.01 0 Embryonic_leaf
132.77 68.55 -109.54 2.12 2.11 11.59 0 Stem
115.17 -84.39 -108.05 0.64 0.67 2.6 0 Stem
74.2 58.19 -75.47 7.04 5.33 3.7 0 Petiole
130.92 70.82 -92.75 3.09 0.67 4.96 0 Petiole
208.04 89.25 -83.28 12.28 21.76 15.36 0 Petiole
105.85 -79.55 -87.3 15.09 5.65 7.71 0 Petiole
21.61 -93.7 -99.03 5.0 6.66 5.93 0 Petiole
-201.44 -79.88 -79.28 11.23 7.66 7.45 0 Petiole
-133.41 -74.23 -86.3 3.42 1.0 1.58 0 Petiole
-126.39 61.19 -83.64 11.69 6.0 7.23 0 Petiole
-60.89 -101.87 -142.5 6.0 5.0 4.78 0 Embryonic_leaf
-68.76 -107.36 -125.74 15.25 9.99 15.57 0 Leaf
247.76 3.72 -113.79 7.78 10.35 7.97 0 Embryonic_leaf
201.01 99.98 -80.23 49.35 74.25 42.08 0 Plant
97.22 -65.9 -87.77 65.13 62.28 43.15 0 Plant
23.25 -90.08 -97.07 49.85 71.21 31.45 0 Plant
-197.73 -74.83 -72.54 55.57 53.74 46.24 0 Plant
-140.3 -71.47 -70.73 39.11 36.36 33.87 0 Plant
-135.67 72.74 -77.46 42.87 50.41 40.24 0 Plant
130.97 77.1 -86.33 29.12 41.4 58.01 0 Plant
75.76 72.16 -69.81 36.43 40.63 41.45 0 Plant
-35.11 58.01 -80.19 25.03 30.28 35.53 0 Plant
