122.18 -79.87 -93.87 55.65 65.92 22.15 0 Embryonic_leaf
46.82 -69.07 -93.83 26.0 77.97 32.62 0 Embryonic_leaf
15.5 -56.5 -91.23 16.55 59.8 39.63 0 Embryonic_leaf
-26.37 -77.55 -94.17 30.57 69.27 30.04 0 Embryonic_leaf
-80.0 -61.08 -97.32 71.46 24.66 27.97 0 Embryonic_leaf
-147.26 -55.74 -90.82 70.15 19.33 45.82 0 Embryonic_leaf
20.52 63.73 -92.51 19.89 78.35 32.73 0 Embryonic_leaf
83.68 73.73 -101.58 66.39 47.7 19.43 0 Embryonic_leaf
195.53 71.73 -91.86 38.99 63.69 34.71 0 Embryonic_leaf
141.81 69.18 -97.75 66.61 33.27 28.11 0 Embryonic_leaf
126.58 81.72 -112.66 22.27 51.69 21.95 0 Embryonic_leaf
-46.3 85.22 -96.11 34.92 66.68 42.58 0 Embryonic_leaf
-90.91 71.41 -88.9 76.98 20.39 24.37 0 Embryonic_leaf
-89.88 44.41 -86.64 55.72 34.37 33.35 0 Embryonic_leaf
-139.68 71.2 -95.6 66.13 49.31 43.1 0 Embryonic_leaf
122.18 -79.87 -93.87 55.65 65.92 22.15 0 Plant
46.82 -69.07 -93.83 26.0 77.97 32.62 0 Plant
15.5 -56.5 -91.23 16.55 59.8 39.63 0 Plant
-26.37 -77.55 -94.17 30.57 69.27 30.04 0 Plant
-80.0 -61.08 -97.32 71.46 24.66 27.97 0 Plant
-147.26 -55.74 -90.82 70.15 19.33 45.82 0 Plant
20.52 63.73 -92.51 19.89 78.35 32.73 0 Plant
83.68 73.73 -101.58 66.39 47.7 19.43 0 Plant
195.53 71.73 -91.86 38.99 63.69 34.71 0 Plant
141.81 69.18 -97.75 66.61 33.27 28.11 0 Plant
126.58 81.72 -112.66 22.27 51.69 21.95 0 Plant
-46.3 85.22 -96.11 34.92 66.68 42.58 0 Plant
-90.91 71.41 -88.9 76.98 20.39 24.37 0 Plant
-89.88 44.41 -86.64 55.72 34.37 33.35 0 Plant
-139.68 71.2 -95.6 66.13 49.31 43.1 0 Plant
