225.09 -75.09 -56.25 64.86 62.17 46.18 0 Leaf
171.25 -87.81 -53.29 32.42 27.88 16.46 0 Leaf
178.9 -99.75 -86.12 40.99 99.56 50.76 0 Embryonic_leaf
197.2 -79.51 -64.0 20.82 7.3 9.38 0 Petiole
173.98 80.15 -85.23 111.37 88.12 25.78 0 Embryonic_leaf
139.21 118.73 -83.29 65.24 65.27 56.89 0 Leaf
166.64 87.8 -72.03 35.36 35.08 15.08 0 Petiole
193.17 63.05 -61.68 49.73 48.74 43.72 0 Leaf
54.64 71.58 -67.93 17.34 13.44 15.87 0 Petiole
52.89 79.5 -98.37 65.98 60.97 39.89 0 Embryonic_leaf
37.02 92.68 -57.51 40.97 41.25 24.59 0 Leaf
74.05 41.29 -38.65 78.98 85.62 34.08 0 Leaf
-48.64 78.92 -98.74 86.3 86.03 42.19 0 Embryonic_leaf
-58.0 86.37 -68.97 36.52 35.07 18.62 0 Petiole
-89.28 119.0 -83.3 65.3 73.58 56.73 0 Leaf
-30.99 59.88 -71.23 48.62 60.4 44.17 0 Leaf
74.08 -94.76 -94.45 74.68 86.99 48.22 0 Embryonic_leaf
45.57 -103.82 -62.0 28.14 30.7 18.6 0 Petiole
71.42 -79.75 -44.25 35.7 39.34 24.05 0 Leaf
22.17 -123.28 -61.59 55.2 80.39 53.44 0 Leaf
-44.99 -76.6 -99.35 96.45 46.17 44.96 0 Embryonic_leaf
-42.8 -69.06 -69.06 20.88 38.17 20.41 0 Petiole
-58.86 -29.69 -79.37 72.79 59.83 53.79 0 Leaf
-27.59 -99.75 -66.64 55.65 35.84 41.16 0 Leaf
206.28 -96.77 -72.33 102.48 105.54 78.34 0 Plant
168.13 93.73 -75.78 123.08 115.27 71.91 0 Plant
65.04 55.89 -69.96 97.0 114.83 96.71 0 Plant
-63.71 92.73 -84.49 116.44 126.11 70.69 0 Plant
53.0 -107.37 -75.39 116.86 112.21 86.34 0 Plant
-46.01 -58.72 -83.94 98.49 117.9 75.77 0 Plant
