197.32 74.9 -68.55 88.7 34.12 25.92 0 Embryonic_leaf
225.53 60.92 -50.06 37.68 46.03 24.5 0 Leaf
108.34 90.7 -102.53 75.85 69.73 45.03 0 Embryonic_leaf
77.13 56.84 -54.82 57.48 51.51 26.96 0 Leaf
86.3 69.55 -75.15 4.09 3.34 11.93 0 Petiole
-89.55 -67.86 -85.16 103.76 100.49 26.74 0 Embryonic_leaf
-111.24 -111.17 -39.08 69.51 46.15 52.48 0 Leaf
-104.38 -90.81 -75.33 4.65 13.11 16.89 0 Petiole
-96.62 -68.97 -62.39 16.72 17.73 17.8 0 Leaf
-132.43 76.21 -71.37 95.15 67.22 39.23 0 Embryonic_leaf
-85.87 129.92 -67.82 51.77 65.23 25.22 0 Leaf
-117.89 90.7 -67.05 8.69 7.88 19.74 0 Leaf
-109.6 102.31 -80.74 13.15 16.41 9.54 0 Petiole
-36.26 65.62 -90.08 125.73 76.82 58.69 0 Embryonic_leaf
24.92 -76.82 -71.87 117.38 97.29 33.18 0 Embryonic_leaf
170.47 -71.61 -65.3 115.59 51.51 63.23 0 Embryonic_leaf
87.87 -58.23 -86.65 55.34 98.34 25.68 0 Embryonic_leaf
198.67 64.93 -59.66 91.41 54.05 43.71 0 Plant
97.33 78.32 -83.19 97.87 94.48 83.71 0 Plant
-91.83 -75.93 -55.68 108.32 116.63 85.7 0 Plant
-119.99 102.57 -71.37 120.02 119.94 39.23 0 Plant
-36.26 65.62 -90.08 125.73 76.82 58.69 0 Plant
24.92 -76.82 -71.87 117.38 97.29 33.18 0 Plant
170.47 -71.61 -65.3 115.59 51.51 63.23 0 Plant
87.87 -58.23 -86.65 55.34 98.34 25.68 0 Plant
