210.49 77.25 -86.37 57.68 78.5 47.96 0 Embryonic_leaf
-208.29 -67.44 -110.6 50.8 79.16 38.73 0 Embryonic_leaf
-157.49 -88.23 -120.63 76.83 76.17 18.63 0 Embryonic_leaf
-118.86 -92.72 -113.79 75.84 69.85 16.47 0 Embryonic_leaf
-63.0 -97.71 -100.57 64.87 82.49 31.07 0 Embryonic_leaf
-183.52 44.98 -105.45 25.63 60.54 33.42 0 Embryonic_leaf
-142.43 52.72 -87.88 76.63 34.76 40.99 0 Embryonic_leaf
-131.1 22.41 -106.76 80.79 32.68 19.86 0 Embryonic_leaf
-15.82 -77.29 -77.43 69.27 82.09 41.35 0 Embryonic_leaf
-75.71 59.62 -102.32 46.47 84.49 35.12 0 Embryonic_leaf
-38.09 58.54 -95.07 39.3 89.31 59.05 0 Embryonic_leaf
8.67 42.7 -89.71 36.45 73.09 41.24 0 Embryonic_leaf
40.68 43.78 -103.83 57.38 72.58 24.36 0 Embryonic_leaf
95.57 56.63 -83.96 95.77 41.25 35.95 0 Embryonic_leaf
93.96 -96.05 -80.68 103.11 39.25 38.22 0 Embryonic_leaf
51.17 -85.68 -100.72 35.87 64.64 42.32 0 Embryonic_leaf
38.87 -120.38 -114.57 53.15 23.84 21.78 0 Embryonic_leaf
37.23 -99.82 -125.25 25.27 32.15 9.8 0 Embryonic_leaf
134.14 -92.01 -109.48 21.66 63.86 22.26 0 Embryonic_leaf
110.92 -107.03 -117.34 29.87 73.18 25.65 0 Embryonic_leaf
210.49 77.25 -86.37 57.68 78.5 47.96 0 Plant
-208.29 -67.44 -110.6 50.8 79.16 38.73 0 Plant
-157.49 -88.23 -120.63 76.83 76.17 18.63 0 Plant
-118.86 -92.72 -113.79 75.84 69.85 16.47 0 Plant
-63.0 -97.71 -100.57 64.87 82.49 31.07 0 Plant
-183.52 44.98 -105.45 25.63 60.54 33.42 0 Plant
-142.43 52.72 -87.88 76.63 34.76 40.99 0 Plant
-131.1 22.41 -106.76 80.79 32.68 19.86 0 Plant
-15.82 -77.29 -77.43 69.27 82.09 41.35 0 Plant
-75.71 59.62 -102.32 46.47 84.49 35.12 0 Plant
-38.09 58.54 -95.07 39.3 89.31 59.05 0 Plant
8.67 42.7 -89.71 36.45 73.09 41.24 0 Plant
40.68 43.78 -103.83 57.38 72.58 24.36 0 Plant
95.57 56.63 -83.96 95.77 41.25 35.95 0 Plant
93.96 -96.05 -80.68 103.11 39.25 38.22 0 Plant
51.17 -85.68 -100.72 35.87 64.64 42.32 0 Plant
38.87 -120.38 -114.57 53.15 23.84 21.78 0 Plant
37.23 -99.82 -125.25 25.27 32.15 9.8 0 Plant
134.14 -92.01 -109.48 21.66 63.86 22.26 0 Plant
110.92 -107.03 -117.34 29.87 73.18 25.65 0 Plant
