-91.24 -10.69 -90.23 80.85 66.52 55.17 0 Leaf
65.43 116.76 -85.07 75.33 72.02 41.37 0 Leaf
-65.31 -95.96 -69.97 45.98 28.01 39.84 0 Leaf
101.95 53.29 -68.52 38.42 37.33 26.93 0 Leaf
87.61 70.68 -101.76 114.52 77.21 29.52 0 Embryonic_leaf
-76.94 -68.73 -101.81 129.19 41.13 49.46 0 Embryonic_leaf
79.86 84.46 -82.67 11.6 22.33 10.54 0 Petiole
-70.09 -81.29 -75.51 3.2 10.67 9.46 0 Petiole
-77.73 -52.01 -79.33 7.67 23.87 6.53 0 Petiole
88.66 67.42 -83.49 6.16 10.67 9.44 0 Petiole
-76.94 -43.69 -88.3 129.19 132.54 76.49 0 Plant
86.32 92.42 -85.79 117.11 120.7 61.47 0 Plant
