217.09 121.87 -61.0 44.89 62.86 23.67 0 Leaf
77.78 -87.36 -86.39 51.65 37.98 33.59 0 Leaf
11.6 -65.24 -82.51 40.41 41.57 29.68 0 Leaf
68.92 80.24 -59.85 40.38 61.31 24.07 0 Leaf
-35.47 -95.94 -63.23 37.88 31.04 17.68 0 Leaf
-135.39 -48.54 -57.02 41.31 44.98 29.55 0 Leaf
-196.3 -118.68 -77.87 50.81 52.65 21.23 0 Leaf
-35.29 65.49 -69.19 45.18 19.81 27.43 0 Leaf
128.51 82.64 -64.5 49.24 46.11 37.35 0 Leaf
111.24 -83.47 -91.83 10.28 15.1 15.29 0 Embryonic_leaf
214.89 83.62 -89.76 24.9 10.58 13.92 0 Embryonic_leaf
22.97 -88.66 -105.49 13.54 13.82 6.67 0 Embryonic_leaf
78.95 62.33 -81.61 24.47 19.48 8.25 0 Embryonic_leaf
-61.11 -105.48 -84.41 9.7 15.06 14.27 0 Embryonic_leaf
-127.07 -84.73 -87.98 8.97 9.26 5.59 0 Embryonic_leaf
-207.79 -95.19 -90.27 6.46 13.66 9.4 0 Embryonic_leaf
-33.08 57.0 -95.42 9.02 25.48 6.52 0 Embryonic_leaf
130.02 68.16 -92.26 20.29 14.48 13.69 0 Embryonic_leaf
243.88 7.39 -113.1 11.82 14.19 7.81 0 Embryonic_leaf
79.3 59.33 -69.14 11.19 20.82 5.61 0 Petiole
215.8 77.73 -76.39 3.51 19.31 4.67 0 Petiole
101.52 -80.64 -86.44 20.28 13.88 20.25 0 Petiole
17.85 -80.58 -95.95 8.09 10.22 4.0 0 Petiole
-55.21 -105.68 -76.17 9.41 4.0 9.85 0 Petiole
-137.61 -75.86 -66.83 10.67 24.32 13.73 0 Petiole
-199.03 -96.35 -77.25 14.14 18.66 11.44 0 Petiole
-33.53 55.83 -80.71 12.78 5.83 5.56 0 Petiole
129.79 76.15 -80.89 3.51 5.15 8.99 0 Petiole
130.86 69.29 -112.92 1.19 1.11 1.97 0 Stem
-105.73 43.34 -108.59 19.3 5.51 8.54 0 Embryonic_leaf
-114.39 50.28 -91.3 31.66 26.71 15.55 0 Leaf
-125.23 64.0 -79.9 10.24 7.16 7.41 0 Petiole
-114.97 51.17 -95.34 5.31 8.5 7.26 0 Stem
-141.17 69.91 -60.61 44.76 31.32 33.94 0 Stem
218.86 50.73 -88.86 52.36 50.27 33.79 0 Leaf
88.84 39.71 -74.85 40.69 40.22 37.36 0 Leaf
-121.61 74.58 -64.01 21.28 41.98 37.67 0 Stem
-212.58 -64.03 -57.98 43.39 67.31 18.96 0 Leaf
-158.49 -89.52 -62.98 51.63 47.65 13.37 0 Leaf
-71.2 -89.83 -67.96 36.83 31.7 16.23 0 Leaf
19.85 -84.74 -71.55 36.31 12.65 42.58 0 Leaf
112.93 -57.15 -80.98 40.57 59.75 65.42 0 Leaf
218.86 89.45 -77.46 52.36 127.71 56.59 0 Plant
92.59 -66.81 -80.98 81.25 79.08 65.42 0 Plant
14.7 -70.01 -79.54 46.6 51.11 58.57 0 Plant
78.95 65.25 -70.67 60.46 91.3 45.72 0 Plant
-53.07 -93.5 -72.97 73.08 39.03 37.15 0 Plant
-149.52 -69.7 -66.51 69.58 87.3 48.53 0 Plant
-202.58 -87.69 -71.73 63.39 114.62 46.46 0 Plant
-35.29 59.83 -77.08 45.18 31.14 43.2 0 Plant
128.51 82.64 -72.47 49.24 46.11 53.27 0 Plant
-129.82 66.25 -78.25 67.47 58.64 69.22 0 Plant
243.88 7.39 -113.1 11.82 14.19 7.81 0 Plant
