145.5 60.35 -106.94 100.37 67.89 49.9 0 Embryonic_leaf
180.35 127.64 -69.67 85.72 78.33 51.66 0 Leaf
136.24 52.04 -59.55 54.54 34.67 42.41 0 Leaf
159.82 86.65 -74.12 19.39 22.9 15.21 0 Petiole
145.92 65.22 -71.77 6.58 6.01 13.37 0 Petiole
99.1 51.4 -80.2 25.94 125.81 27.33 0 Embryonic_leaf
82.13 40.86 -68.22 23.81 34.54 11.22 0 Leaf
95.52 43.19 -75.53 4.06 1.85 5.2 0 Petiole
132.01 -95.47 -92.35 71.53 95.46 59.73 0 Embryonic_leaf
123.18 -81.11 -51.31 21.41 29.6 18.06 0 Leaf
66.68 -103.1 -42.69 65.42 68.5 43.72 0 Leaf
101.01 -99.62 -59.12 20.9 7.76 24.68 0 Petiole
22.69 -78.15 -99.81 121.46 45.14 59.49 0 Embryonic_leaf
21.95 -63.5 -57.76 51.49 38.15 21.44 0 Leaf
31.85 -107.25 -64.06 35.97 30.08 20.19 0 Leaf
15.87 -80.13 -60.54 3.06 8.84 8.06 0 Petiole
0.86 84.34 -95.06 56.89 112.84 64.09 0 Embryonic_leaf
-1.04 98.36 -53.25 37.13 35.69 18.64 0 Leaf
-77.49 78.6 -65.62 67.03 77.5 54.22 0 Leaf
-32.05 81.62 -69.4 27.62 7.52 13.58 0 Petiole
-14.13 84.03 -69.35 7.17 3.05 11.26 0 Petiole
-121.92 -58.85 -73.53 111.43 89.92 36.65 0 Embryonic_leaf
-108.03 -88.83 -54.31 46.97 17.13 19.48 0 Leaf
-116.53 -53.05 -51.7 15.76 20.98 17.79 0 Leaf
-112.98 -66.31 -56.12 1.53 5.09 3.41 0 Petiole
-112.58 -81.91 -52.51 3.9 7.52 7.43 0 Petiole
-110.56 55.54 -102.45 82.09 81.5 44.04 0 Embryonic_leaf
-152.37 101.42 -68.94 71.56 68.37 41.12 0 Leaf
-105.75 33.05 -68.56 54.39 41.82 33.02 0 Leaf
-127.88 72.21 -70.6 19.71 21.91 17.59 0 Petiole
-112.82 52.57 -69.4 2.2 9.74 10.26 0 Petiole
-121.92 -58.85 -67.33 111.43 89.92 49.05 0 Plant
-128.83 73.87 -86.42 118.64 123.47 76.1 0 Plant
-40.85 84.34 -82.81 140.31 112.84 88.6 0 Plant
91.15 51.4 -78.24 41.84 125.81 31.25 0 Plant
159.27 96.61 -85.12 127.9 140.4 93.55 0 Plant
100.87 -95.47 -71.52 133.81 95.46 101.38 0 Plant
22.69 -83.36 -88.3 121.46 77.87 82.52 0 Plant
