-147.73 52.73 -52.7 75.4 49.02 55.91 0 Embryonic_leaf
-148.21 49.63 -43.96 34.87 18.73 29.16 0 Leaf
-135.07 106.15 -22.9 69.21 71.58 48.0 0 Leaf
-137.61 72.93 -57.57 3.36 25.83 28.32 0 Petiole
-60.74 48.62 -55.95 34.76 60.88 44.83 0 Embryonic_leaf
-63.94 49.29 -53.15 8.33 8.7 23.68 0 Leaf
-19.88 52.8 -34.61 71.74 89.31 43.98 0 Leaf
-46.35 42.56 -49.98 10.12 3.35 17.95 0 Petiole
52.62 83.41 -42.97 54.03 92.99 51.11 0 Embryonic_leaf
27.44 84.41 -21.82 51.83 66.9 30.39 0 Leaf
109.06 135.92 -34.75 68.72 76.26 90.8 0 Leaf
66.95 94.22 -49.21 32.41 26.31 19.88 0 Petiole
177.13 72.04 -42.7 37.15 56.86 51.77 0 Embryonic_leaf
194.78 83.52 -35.18 34.32 35.23 32.21 0 Leaf
184.86 -111.74 -73.73 69.37 46.54 34.03 0 Embryonic_leaf
195.3 -124.65 -56.67 40.51 48.84 36.57 0 Leaf
7.11 -74.34 -57.41 57.44 90.04 50.78 0 Embryonic_leaf
58.89 -36.45 -8.33 73.56 78.49 57.31 0 Leaf
-4.81 -65.77 -41.31 41.29 39.47 26.76 0 Leaf
-65.98 -96.38 -53.29 51.91 93.99 59.72 0 Embryonic_leaf
-51.07 -95.71 -41.84 32.6 40.47 34.08 0 Leaf
-113.68 -50.08 -20.51 70.52 70.86 77.31 0 Leaf
-80.9 -93.23 -56.17 25.63 14.11 32.81 0 Petiole
-64.86 -98.61 -65.39 2.66 0.67 8.79 0 Petiole
-118.46 -104.6 -79.35 41.34 40.75 39.48 0 Embryonic_leaf
-139.02 -64.27 -54.0 53.62 55.86 28.65 0 Leaf
-142.95 85.08 -39.78 84.96 113.73 81.76 0 Plant
-31.07 52.8 -45.49 94.11 89.31 65.75 0 Plant
72.47 105.49 -34.75 141.89 137.14 90.8 0 Plant
185.25 72.37 -42.7 53.39 57.53 51.77 0 Plant
184.86 -118.77 -64.56 69.37 60.59 52.36 0 Plant
35.11 -58.28 -31.24 121.13 122.15 103.12 0 Plant
-91.85 -79.01 -32.51 114.17 128.73 101.3 0 Plant
-131.81 -80.66 -69.38 68.05 88.64 59.43 0 Plant
