-213.04 -73.72 -98.72 72.2 87.34 34.81 0 Embryonic_leaf
-216.93 -72.18 -94.17 23.36 20.43 15.28 0 Leaf
-166.96 -83.81 -88.52 66.92 64.51 44.25 0 Embryonic_leaf
-140.7 -98.39 -70.48 44.41 31.34 39.33 0 Leaf
-62.62 -114.23 -88.65 79.18 107.68 19.4 0 Embryonic_leaf
-50.15 -138.9 -66.97 33.14 29.67 26.84 0 Leaf
-74.67 -102.97 -79.54 28.16 32.48 13.03 0 Leaf
216.87 70.63 -77.76 79.48 100.01 33.42 0 Embryonic_leaf
205.04 65.52 -64.56 24.21 11.77 31.22 0 Leaf
97.77 50.36 -70.31 113.42 48.54 43.17 0 Embryonic_leaf
81.87 26.3 -58.1 37.68 47.36 41.05 0 Leaf
-140.97 13.02 -84.63 79.29 36.8 38.62 0 Embryonic_leaf
81.37 -103.39 -61.91 115.35 49.34 49.97 0 Embryonic_leaf
87.98 -87.97 -62.16 33.03 26.49 28.75 0 Leaf
-140.34 3.36 -80.77 31.03 31.86 20.05 0 Leaf
108.89 -121.79 -92.47 42.43 103.47 15.28 0 Embryonic_leaf
116.6 -132.54 -76.56 14.89 17.33 20.6 0 Leaf
54.05 -56.31 -82.69 48.45 71.49 55.61 0 Embryonic_leaf
42.42 -61.31 -80.47 29.59 21.5 26.56 0 Leaf
-77.17 57.96 -80.1 47.35 89.35 44.99 0 Embryonic_leaf
-63.28 55.96 -72.94 15.97 21.34 31.27 0 Leaf
-32.06 57.96 -67.54 52.96 102.68 52.7 0 Embryonic_leaf
-4.69 58.29 -58.8 41.73 30.0 43.3 0 Leaf
1.02 52.63 -70.95 20.83 38.67 23.54 0 Leaf
10.61 37.08 -89.49 47.13 108.64 47.82 0 Embryonic_leaf
-187.69 41.86 -101.87 36.6 92.2 20.34 0 Embryonic_leaf
141.9 -94.06 -92.4 33.73 75.34 27.3 0 Embryonic_leaf
45.36 31.29 -85.27 49.72 117.35 15.45 0 Embryonic_leaf
-107.88 -91.58 -74.99 57.16 59.25 53.56 0 Embryonic_leaf
-29.53 -83.5 -54.61 42.17 33.89 23.9 0 Leaf
-14.0 -86.29 -56.77 90.02 96.49 54.16 0 Embryonic_leaf
-139.82 69.52 -76.96 29.89 32.45 30.59 0 Leaf
-141.11 51.96 -69.47 86.33 42.67 52.62 0 Embryonic_leaf
44.67 -122.13 -117.75 79.04 44.81 21.32 0 Embryonic_leaf
-213.04 -73.72 -98.72 72.2 87.34 34.81 0 Plant
-159.46 -83.81 -80.73 81.92 64.51 59.82 0 Plant
-62.62 -114.23 -75.95 79.18 107.68 44.79 0 Plant
216.87 70.63 -71.71 79.48 100.01 45.53 0 Plant
97.77 38.62 -64.73 113.42 72.01 54.33 0 Plant
-140.97 9.42 -84.63 79.29 43.99 38.62 0 Plant
81.37 -101.39 -61.91 115.35 53.34 49.97 0 Plant
108.89 -121.79 -83.19 42.43 103.47 33.85 0 Plant
52.95 -56.31 -82.69 50.64 71.49 55.61 0 Plant
-77.17 57.96 -79.95 47.35 89.35 45.29 0 Plant
-21.18 57.96 -65.52 74.7 102.68 56.75 0 Plant
10.61 37.08 -86.29 47.13 108.64 54.22 0 Plant
-187.69 41.86 -101.87 36.6 92.2 20.34 0 Plant
141.9 -94.06 -92.4 33.73 75.34 27.3 0 Plant
45.36 31.29 -85.27 49.72 117.35 15.45 0 Plant
-107.88 -91.58 -74.99 57.16 59.25 53.56 0 Plant
-14.0 -86.29 -56.77 90.02 96.49 54.16 0 Plant
-141.11 58.18 -69.47 86.33 55.12 52.62 0 Plant
44.67 -122.13 -117.75 79.04 44.81 21.32 0 Plant
