63.18 57.35 -66.46 118.14 161.11 68.01 0 Embryonic_leaf
18.97 59.31 -16.77 81.21 74.55 43.36 0 Leaf
57.54 61.05 -35.86 41.99 10.0 39.65 0 Petiole
80.98 50.7 -61.08 5.59 11.06 13.52 0 Petiole
104.31 109.52 -44.33 89.61 96.24 62.59 0 Leaf
75.06 94.29 -23.96 53.13 50.45 17.88 0 Leaf
-63.35 -94.41 -48.21 161.82 83.3 74.41 0 Embryonic_leaf
-91.14 -107.35 -25.33 69.07 59.41 54.44 0 Leaf
-53.48 -63.07 -40.57 70.23 86.36 35.55 0 Leaf
-61.62 -102.21 -56.42 19.48 10.63 36.0 0 Petiole
-54.84 -90.5 -56.86 12.81 19.09 17.95 0 Petiole
63.74 67.22 -47.78 170.75 180.85 105.37 0 Plant
-63.35 -78.47 -41.76 161.82 117.17 87.31 0 Plant
