-89.69 65.47 -86.91 47.39 33.28 33.22 0 Embryonic_leaf
-25.42 69.96 -89.38 42.83 36.33 26.53 0 Embryonic_leaf
27.25 59.82 -93.95 57.32 49.96 21.37 0 Embryonic_leaf
170.75 53.16 -82.39 44.85 39.3 34.03 0 Embryonic_leaf
224.52 51.8 -93.92 24.44 20.26 27.1 0 Embryonic_leaf
238.07 -123.59 -84.79 35.66 42.85 31.91 0 Embryonic_leaf
109.03 -109.38 -124.89 13.4 19.32 9.24 0 Embryonic_leaf
62.14 -109.71 -106.73 20.99 19.98 28.8 0 Embryonic_leaf
-27.93 -112.77 -94.36 39.36 81.16 17.91 0 Embryonic_leaf
-133.1 -101.9 -109.11 43.61 40.36 41.83 0 Embryonic_leaf
-89.69 65.47 -86.91 47.39 33.28 33.22 0 Plant
-25.42 69.96 -89.38 42.83 36.33 26.53 0 Plant
27.25 59.82 -93.95 57.32 49.96 21.37 0 Plant
170.75 53.16 -82.39 44.85 39.3 34.03 0 Plant
224.52 51.8 -93.92 24.44 20.26 27.1 0 Plant
238.07 -123.59 -84.79 35.66 42.85 31.91 0 Plant
109.03 -109.38 -124.89 13.4 19.32 9.24 0 Plant
62.14 -109.71 -106.73 20.99 19.98 28.8 0 Plant
-27.93 -112.77 -94.36 39.36 81.16 17.91 0 Plant
-133.1 -101.9 -109.11 43.61 40.36 41.83 0 Plant
