181.22 75.63 -66.21 55.01 93.03 53.23 0 Embryonic_leaf
186.59 70.41 -87.53 5.02 19.27 14.1 0 Petiole
82.59 -62.01 -82.61 41.46 75.84 46.36 0 Embryonic_leaf
86.78 -69.88 -101.69 17.06 11.44 21.85 0 Petiole
-211.24 60.44 -71.81 92.9 49.89 32.25 0 Embryonic_leaf
-201.61 55.65 -95.33 19.36 18.25 19.52 0 Petiole
-163.49 -78.51 -75.87 101.17 48.73 24.52 0 Embryonic_leaf
-161.65 -84.91 -88.81 18.16 9.31 16.26 0 Petiole
193.24 70.39 -111.79 4.5 14.04 33.63 0 Stem
181.22 75.63 -84.1 55.01 93.03 89.01 0 Plant
82.59 -62.01 -86.02 41.46 75.84 53.19 0 Plant
-211.24 60.44 -80.39 92.9 49.89 49.4 0 Plant
-163.49 -78.51 -80.27 101.17 48.73 33.34 0 Plant
-133.28 60.11 -91.71 64.68 93.13 33.75 0 Plant
87.27 76.95 -78.49 95.67 81.24 55.45 0 Plant
13.0 64.41 -75.72 68.81 75.12 48.7 0 Plant
23.78 -74.35 -94.86 51.47 91.2 27.89 0 Plant
-9.23 -58.63 -79.11 50.19 100.47 48.4 0 Plant
-61.4 -68.78 -78.76 86.14 74.18 47.13 0 Plant
-33.55 92.19 -86.55 93.25 84.02 35.81 0 Plant
-69.74 61.11 -76.01 61.98 84.49 76.67 0 Plant
