112.73 85.3 -53.22 136.23 101.99 57.61 0 Embryonic_leaf
110.4 124.76 -34.88 70.31 56.39 31.38 0 Leaf
121.48 64.55 -38.64 44.47 24.5 39.39 0 Leaf
127.61 84.14 -59.57 6.48 24.33 14.85 0 Petiole
26.95 -72.01 -78.54 48.6 64.66 27.66 0 Leaf
-35.45 -0.48 -53.7 77.91 91.73 38.05 0 Leaf
-41.02 -39.14 -93.42 141.68 158.39 36.92 0 Embryonic_leaf
-9.98 -59.68 -83.58 31.93 34.66 25.05 0 Leaf
-9.02 -54.57 -89.79 30.66 29.77 33.7 0 Petiole
112.73 93.63 -50.49 136.23 118.65 63.08 0 Plant
-30.3 -36.48 -73.28 163.1 163.72 77.21 0 Plant
-61.97 122.63 -62.87 139.62 109.99 81.71 0 Plant
149.71 -68.68 -30.99 168.15 84.66 124.37 0 Plant
