115.28 -75.14 -91.69 41.4 51.29 31.7 0 Embryonic_leaf
46.35 -65.46 -94.5 18.64 62.62 29.57 0 Embryonic_leaf
12.07 -62.89 -99.09 15.0 54.77 31.49 0 Embryonic_leaf
-25.79 -77.8 -95.69 22.78 59.29 31.36 0 Embryonic_leaf
-87.65 -68.12 -97.89 67.91 23.98 27.36 0 Embryonic_leaf
-153.47 -74.12 -84.48 47.52 50.63 36.61 0 Embryonic_leaf
-149.83 74.25 -88.1 48.03 35.58 38.67 0 Embryonic_leaf
-112.07 48.88 -86.48 35.18 27.15 36.95 0 Embryonic_leaf
-103.99 81.45 -89.85 50.47 28.65 29.58 0 Embryonic_leaf
-64.55 83.57 -91.47 30.23 50.96 36.44 0 Embryonic_leaf
11.9 62.44 -98.66 23.67 57.33 35.98 0 Embryonic_leaf
73.27 77.74 -98.26 44.83 38.64 25.18 0 Embryonic_leaf
185.74 72.56 -92.93 27.27 50.32 35.22 0 Embryonic_leaf
130.31 86.51 -112.45 8.08 25.09 25.93 0 Embryonic_leaf
136.95 75.74 -99.45 48.92 22.65 27.22 0 Embryonic_leaf
115.28 -75.14 -91.69 41.4 51.29 31.7 0 Plant
46.35 -65.46 -94.5 18.64 62.62 29.57 0 Plant
12.07 -62.89 -99.09 15.0 54.77 31.49 0 Plant
-25.79 -77.8 -95.69 22.78 59.29 31.36 0 Plant
-87.65 -68.12 -97.89 67.91 23.98 27.36 0 Plant
-153.47 -74.12 -84.48 47.52 50.63 36.61 0 Plant
-149.83 74.25 -88.1 48.03 35.58 38.67 0 Plant
-112.07 48.88 -86.48 35.18 27.15 36.95 0 Plant
-103.99 81.45 -89.85 50.47 28.65 29.58 0 Plant
-64.55 83.57 -91.47 30.23 50.96 36.44 0 Plant
11.9 62.44 -98.66 23.67 57.33 35.98 0 Plant
73.27 77.74 -98.26 44.83 38.64 25.18 0 Plant
185.74 72.56 -92.93 27.27 50.32 35.22 0 Plant
130.31 86.51 -112.45 8.08 25.09 25.93 0 Plant
136.95 75.74 -99.45 48.92 22.65 27.22 0 Plant
