238.55 -130.42 -75.25 52.56 91.78 27.28 0 Embryonic_leaf
236.57 -136.41 -88.69 5.27 17.29 7.93 0 Petiole
118.83 -112.66 -88.55 36.86 52.81 31.11 0 Embryonic_leaf
118.51 -117.34 -101.97 4.89 12.41 9.63 0 Petiole
59.81 -105.39 -94.84 67.28 60.17 26.97 0 Embryonic_leaf
62.9 -108.89 -102.78 15.03 10.15 12.14 0 Petiole
-29.34 -106.0 -69.92 61.01 127.9 35.81 0 Embryonic_leaf
-27.23 -109.89 -84.46 5.08 24.44 15.92 0 Petiole
-121.39 -104.19 -86.67 105.19 55.11 35.08 0 Embryonic_leaf
-115.94 -105.81 -103.47 22.07 6.65 13.67 0 Petiole
34.59 58.59 -83.75 73.51 101.36 17.82 0 Embryonic_leaf
35.07 58.97 -90.54 12.45 17.87 12.06 0 Petiole
159.09 51.81 -78.76 98.5 69.17 23.37 0 Embryonic_leaf
165.07 46.82 -83.08 17.01 5.99 10.9 0 Petiole
233.6 51.81 -74.68 52.05 54.54 34.21 0 Embryonic_leaf
231.83 48.98 -93.59 8.33 6.98 9.3 0 Petiole
238.55 -130.42 -77.13 52.56 91.78 31.05 0 Plant
118.83 -112.66 -89.89 36.86 52.81 33.79 0 Plant
59.81 -105.39 -95.1 67.28 60.17 27.5 0 Plant
-29.34 -106.0 -72.22 61.01 127.9 40.41 0 Plant
-121.39 -104.19 -89.71 105.19 55.11 41.18 0 Plant
34.59 58.59 -85.7 73.51 101.36 21.73 0 Plant
159.09 51.81 -78.76 98.5 69.17 23.37 0 Plant
233.6 51.81 -77.91 52.05 54.54 40.67 0 Plant
-154.07 -90.39 -102.91 76.38 84.05 23.73 0 Plant
-82.96 76.75 -96.88 86.1 57.86 23.49 0 Plant
-20.88 76.42 -83.68 56.38 90.45 53.17 0 Plant
