103.71 46.69 -45.15 87.48 65.14 79.14 0 Embryonic_leaf
77.01 60.37 -30.77 45.81 51.36 45.79 0 Leaf
105.14 29.08 -47.26 15.11 20.07 35.64 0 Leaf
92.15 41.05 -65.86 7.82 8.7 24.25 0 Petiole
96.12 36.7 -74.99 3.91 5.35 9.09 0 Petiole
97.09 38.71 -97.04 4.64 6.69 32.19 0 Stem
122.44 -78.16 -27.47 86.82 73.99 93.76 0 Embryonic_leaf
133.62 -108.47 -10.5 46.11 53.52 61.27 0 Leaf
122.0 -95.36 -60.05 3.25 5.35 13.15 0 Petiole
113.91 -74.4 -46.73 20.12 24.53 11.46 0 Leaf
121.74 -87.59 -58.02 5.66 4.52 12.71 0 Petiole
-30.35 41.92 -37.73 63.0 77.86 105.43 0 Embryonic_leaf
-67.29 45.77 -17.56 59.42 48.92 49.57 0 Leaf
-44.94 34.4 -55.13 11.04 3.94 26.59 0 Petiole
-28.96 47.72 -40.13 24.85 23.45 30.64 0 Leaf
-33.2 -126.54 -20.99 53.98 41.47 44.35 0 Leaf
-53.21 -91.54 -28.97 89.99 78.0 95.19 0 Embryonic_leaf
-54.99 -94.69 -38.2 25.88 16.06 26.99 0 Leaf
-48.75 -104.73 -54.82 5.09 4.01 7.66 0 Petiole
-46.94 -107.88 -59.58 8.87 7.09 15.32 0 Petiole
-49.67 -103.34 -79.07 4.24 2.12 16.34 0 Stem
100.78 50.09 -59.36 93.34 71.93 107.56 0 Plant
122.44 -88.2 -27.11 86.82 94.06 94.48 0 Plant
-47.92 41.92 -37.73 98.15 77.86 105.43 0 Plant
-52.21 -99.91 -34.31 91.99 94.73 105.86 0 Plant
-142.24 62.2 -42.42 63.14 58.21 61.06 0 Plant
