167.12 -91.81 -61.33 78.4 132.15 29.05 0 Embryonic_leaf
161.22 -109.67 -78.96 2.17 4.27 4.73 0 Petiole
152.04 -73.53 -44.04 69.1 74.69 27.39 0 Leaf
-123.55 64.55 -63.29 129.86 141.3 52.61 0 Embryonic_leaf
-103.7 117.93 -25.69 125.87 102.84 27.97 0 Leaf
-135.18 60.06 -40.34 42.99 55.79 31.13 0 Leaf
-121.81 66.76 -61.82 5.14 6.17 11.86 0 Petiole
144.4 71.85 -47.33 4.84 6.67 6.69 0 Petiole
146.01 85.02 -27.52 81.24 73.69 48.94 0 Leaf
124.47 80.01 -35.38 80.19 115.03 63.77 0 Embryonic_leaf
-117.0 86.68 -52.67 3.47 5.0 3.19 0 Petiole
161.91 -91.81 -55.84 88.83 132.15 50.98 0 Plant
-114.62 81.62 -50.65 147.72 175.45 77.9 0 Plant
135.5 80.01 -35.16 102.26 115.03 64.22 0 Plant
-45.06 -71.68 -36.07 163.71 98.33 127.1 0 Plant
241.97 -54.52 -45.03 100.77 107.36 80.34 0 Plant
8.08 87.55 -67.95 125.53 155.59 142.59 0 Plant
