-117.98 111.91 -112.54 55.05 51.08 32.79 0 Embryonic_leaf
-163.23 79.13 -101.28 36.78 42.16 37.39 0 Embryonic_leaf
-46.99 84.12 -96.84 33.22 67.25 27.71 0 Embryonic_leaf
-4.36 94.07 -99.53 50.54 15.39 34.87 0 Embryonic_leaf
208.02 109.09 -91.39 58.88 35.96 19.86 0 Embryonic_leaf
1.47 -46.72 -92.88 39.24 47.94 49.0 0 Embryonic_leaf
169.07 85.45 -88.91 66.45 19.31 32.83 0 Embryonic_leaf
137.7 86.62 -88.85 51.01 44.95 33.79 0 Embryonic_leaf
205.79 -78.02 -88.72 59.09 14.65 26.74 0 Embryonic_leaf
121.35 -56.38 -99.97 50.2 39.29 19.11 0 Embryonic_leaf
185.09 -84.68 -87.17 15.6 54.6 36.24 0 Embryonic_leaf
63.29 -71.12 -89.59 33.78 51.09 48.06 0 Embryonic_leaf
-32.67 -57.48 -93.31 14.02 41.49 38.83 0 Embryonic_leaf
-58.52 -59.04 -102.62 53.56 29.96 28.63 0 Embryonic_leaf
-112.8 -67.37 -100.79 85.61 26.63 34.4 0 Embryonic_leaf
-158.34 -82.44 -102.38 74.76 48.42 29.4 0 Embryonic_leaf
57.65 86.82 -96.25 55.86 41.87 22.44 0 Embryonic_leaf
21.91 96.87 -100.05 59.43 48.98 15.31 0 Embryonic_leaf
-117.98 111.91 -112.54 55.05 51.08 32.79 0 Plant
-163.23 79.13 -101.28 36.78 42.16 37.39 0 Plant
-46.99 84.12 -96.84 33.22 67.25 27.71 0 Plant
-4.36 94.07 -99.53 50.54 15.39 34.87 0 Plant
208.02 109.09 -91.39 58.88 35.96 19.86 0 Plant
1.47 -46.72 -92.88 39.24 47.94 49.0 0 Plant
169.07 85.45 -88.91 66.45 19.31 32.83 0 Plant
137.7 86.62 -88.85 51.01 44.95 33.79 0 Plant
205.79 -78.02 -88.72 59.09 14.65 26.74 0 Plant
121.35 -56.38 -99.97 50.2 39.29 19.11 0 Plant
185.09 -84.68 -87.17 15.6 54.6 36.24 0 Plant
63.29 -71.12 -89.59 33.78 51.09 48.06 0 Plant
-32.67 -57.48 -93.31 14.02 41.49 38.83 0 Plant
-58.52 -59.04 -102.62 53.56 29.96 28.63 0 Plant
-112.8 -67.37 -100.79 85.61 26.63 34.4 0 Plant
-158.34 -82.44 -102.38 74.76 48.42 29.4 0 Plant
57.65 86.82 -96.25 55.86 41.87 22.44 0 Plant
21.91 96.87 -100.05 59.43 48.98 15.31 0 Plant
