145.27 41.6 -85.54 68.81 71.82 34.91 0 Embryonic_leaf
133.79 -114.78 -90.99 31.7 34.86 49.25 0 Embryonic_leaf
67.89 42.02 -79.63 43.36 28.68 42.95 0 Embryonic_leaf
39.79 77.8 -75.47 39.48 60.54 42.64 0 Embryonic_leaf
-28.67 41.77 -90.83 49.98 66.82 49.16 0 Embryonic_leaf
-100.77 65.32 -90.46 38.15 76.62 48.14 0 Embryonic_leaf
-158.57 41.54 -76.63 44.72 42.37 45.81 0 Embryonic_leaf
-203.88 20.02 -87.93 39.42 80.61 32.26 0 Embryonic_leaf
-152.94 -106.9 -79.19 41.06 38.64 41.56 0 Embryonic_leaf
-40.9 -105.29 -88.54 11.91 17.21 13.15 0 Embryonic_leaf
20.64 -120.78 -82.89 35.02 22.87 29.15 0 Embryonic_leaf
95.51 -112.62 -119.77 18.73 40.53 15.17 0 Embryonic_leaf
145.27 41.6 -85.54 68.81 71.82 34.91 0 Plant
133.79 -114.78 -90.99 31.7 34.86 49.25 0 Plant
67.89 42.02 -79.63 43.36 28.68 42.95 0 Plant
39.79 77.8 -75.47 39.48 60.54 42.64 0 Plant
-28.67 41.77 -90.83 49.98 66.82 49.16 0 Plant
-100.77 65.32 -90.46 38.15 76.62 48.14 0 Plant
-158.57 41.54 -76.63 44.72 42.37 45.81 0 Plant
-203.88 20.02 -87.93 39.42 80.61 32.26 0 Plant
-152.94 -106.9 -79.19 41.06 38.64 41.56 0 Plant
-40.9 -105.29 -88.54 11.91 17.21 13.15 0 Plant
20.64 -120.78 -82.89 35.02 22.87 29.15 0 Plant
95.51 -112.62 -119.77 18.73 40.53 15.17 0 Plant
