117.67 -67.06 -60.16 178.61 85.32 55.57 0 Embryonic_leaf
130.19 -72.46 -3.17 93.08 37.19 67.96 0 Leaf
117.84 -53.49 -48.72 47.27 31.96 20.68 0 Leaf
120.42 -58.91 -59.96 1.63 1.91 1.63 0 Petiole
-31.14 -123.89 -0.71 78.11 66.68 71.36 0 Leaf
-69.97 -64.98 -51.72 120.72 117.81 76.66 0 Embryonic_leaf
-63.5 -77.61 -35.8 36.32 35.21 18.72 0 Leaf
-42.83 -106.14 -53.26 5.78 8.82 22.54 0 Petiole
-48.27 -100.21 -52.67 14.12 10.0 27.33 0 Petiole
-20.44 76.03 -47.46 110.76 131.09 84.39 0 Embryonic_leaf
-78.23 72.43 -22.36 87.58 64.55 47.8 0 Leaf
-18.91 58.21 -38.21 42.45 49.25 31.2 0 Leaf
-36.12 35.92 -97.94 2.61 3.33 8.03 0 Stem
-45.15 37.59 -48.72 15.31 12.0 19.91 0 Petiole
-37.48 35.82 -65.54 9.93 7.34 16.51 0 Petiole
117.67 -67.06 -28.57 178.61 85.32 118.75 0 Plant
-61.21 -81.65 -27.54 138.25 151.15 125.02 0 Plant
-43.54 76.03 -50.21 156.96 131.09 103.5 0 Plant
-140.48 71.83 -45.5 94.67 94.02 66.07 0 Plant
91.73 56.84 -47.63 142.65 103.82 73.92 0 Plant
