134.96 62.63 -50.08 66.84 89.68 98.23 0 Embryonic_leaf
68.97 38.8 -62.16 51.75 52.67 77.67 0 Embryonic_leaf
24.83 93.47 -51.79 103.01 82.01 77.04 0 Embryonic_leaf
-48.32 76.14 -50.18 62.32 80.68 99.04 0 Embryonic_leaf
-105.15 88.47 -47.44 66.48 100.01 93.6 0 Embryonic_leaf
-157.02 42.6 -61.33 63.78 77.08 73.22 0 Embryonic_leaf
-208.93 58.8 -62.84 72.35 70.01 78.74 0 Embryonic_leaf
-219.07 -112.55 -80.44 38.77 20.67 46.71 0 Embryonic_leaf
-158.1 -93.22 -58.45 85.91 68.68 71.97 0 Embryonic_leaf
-50.95 -78.77 -66.73 47.34 54.39 58.3 0 Embryonic_leaf
14.17 -114.22 -53.63 64.97 38.67 72.4 0 Embryonic_leaf
138.88 -88.9 -50.18 71.22 67.98 94.29 0 Embryonic_leaf
83.22 -120.56 -53.13 56.41 75.34 87.57 0 Embryonic_leaf
134.96 62.63 -50.08 66.84 89.68 98.23 0 Plant
68.97 38.8 -62.16 51.75 52.67 77.67 0 Plant
24.83 93.47 -51.79 103.01 82.01 77.04 0 Plant
-48.32 76.14 -50.18 62.32 80.68 99.04 0 Plant
-105.15 88.47 -47.44 66.48 100.01 93.6 0 Plant
-157.02 42.6 -61.33 63.78 77.08 73.22 0 Plant
-208.93 58.8 -62.84 72.35 70.01 78.74 0 Plant
-219.07 -112.55 -80.44 38.77 20.67 46.71 0 Plant
-158.1 -93.22 -58.45 85.91 68.68 71.97 0 Plant
-50.95 -78.77 -66.73 47.34 54.39 58.3 0 Plant
14.17 -114.22 -53.63 64.97 38.67 72.4 0 Plant
138.88 -88.9 -50.18 71.22 67.98 94.29 0 Plant
83.22 -120.56 -53.13 56.41 75.34 87.57 0 Plant
