154.42 -101.17 -69.46 76.81 151.76 40.83 0 Embryonic_leaf
168.81 -75.06 -49.72 44.53 34.66 50.39 0 Leaf
157.77 -98.39 -35.55 107.46 45.33 67.14 0 Leaf
156.81 -100.73 -82.01 4.54 4.67 10.86 0 Petiole
135.82 86.08 -47.75 70.68 158.98 78.01 0 Embryonic_leaf
169.07 85.08 -16.82 40.79 80.99 47.56 0 Leaf
151.48 73.25 -53.14 23.7 6.0 26.47 0 Petiole
96.43 116.24 -14.96 65.48 65.32 71.39 0 Leaf
131.27 87.25 -43.68 29.74 30.0 10.31 0 Leaf
134.0 73.87 -60.5 12.47 8.23 23.45 0 Petiole
157.77 -101.17 -45.93 107.46 151.76 87.9 0 Plant
126.58 86.08 -33.01 125.78 158.98 107.49 0 Plant
30.89 98.11 -41.49 93.76 130.82 90.25 0 Plant
-89.24 113.74 -40.37 133.76 110.32 99.29 0 Plant
55.19 -93.45 -46.37 105.21 175.19 83.17 0 Plant
-70.19 -34.06 -45.19 135.52 112.96 130.0 0 Plant
