-200.95 78.16 -80.86 55.35 59.19 46.37 0 Embryonic_leaf
-147.13 88.62 -92.53 73.98 54.85 51.0 0 Embryonic_leaf
-99.59 81.16 -60.31 93.0 66.52 72.48 0 Embryonic_leaf
-32.47 51.22 -71.97 91.46 54.54 65.11 0 Embryonic_leaf
31.38 71.26 -68.65 50.94 57.37 62.74 0 Embryonic_leaf
126.21 88.47 -60.54 56.95 95.77 71.9 0 Embryonic_leaf
202.78 54.55 -67.38 61.96 39.9 61.78 0 Embryonic_leaf
226.73 89.96 -83.81 26.61 40.9 21.5 0 Embryonic_leaf
193.23 -113.36 -59.87 79.07 36.09 61.66 0 Embryonic_leaf
133.97 -91.1 -75.06 60.99 61.19 60.37 0 Embryonic_leaf
69.53 -88.94 -74.69 43.81 82.14 54.89 0 Embryonic_leaf
-172.52 -94.61 -60.24 64.86 46.18 83.55 0 Embryonic_leaf
-1.43 -108.61 -67.18 77.77 61.87 75.72 0 Embryonic_leaf
-49.65 -121.3 -72.61 61.5 44.68 46.23 0 Embryonic_leaf
-92.76 -78.07 -74.22 89.26 60.66 62.27 0 Embryonic_leaf
-200.95 78.16 -80.86 55.35 59.19 46.37 0 Plant
-147.13 88.62 -92.53 73.98 54.85 51.0 0 Plant
-99.59 81.16 -60.31 93.0 66.52 72.48 0 Plant
-32.47 51.22 -71.97 91.46 54.54 65.11 0 Plant
31.38 71.26 -68.65 50.94 57.37 62.74 0 Plant
126.21 88.47 -60.54 56.95 95.77 71.9 0 Plant
202.78 54.55 -67.38 61.96 39.9 61.78 0 Plant
226.73 89.96 -83.81 26.61 40.9 21.5 0 Plant
193.23 -113.36 -59.87 79.07 36.09 61.66 0 Plant
133.97 -91.1 -75.06 60.99 61.19 60.37 0 Plant
69.53 -88.94 -74.69 43.81 82.14 54.89 0 Plant
-172.52 -94.61 -60.24 64.86 46.18 83.55 0 Plant
-1.43 -108.61 -67.18 77.77 61.87 75.72 0 Plant
-49.65 -121.3 -72.61 61.5 44.68 46.23 0 Plant
-92.76 -78.07 -74.22 89.26 60.66 62.27 0 Plant
