240.65 -59.57 -50.06 73.14 150.61 51.41 0 Embryonic_leaf
218.04 -66.85 -66.28 35.08 48.45 22.05 0 Leaf
238.48 -68.46 -78.14 11.82 49.2 23.72 0 Petiole
160.09 -86.47 -66.04 91.56 135.49 28.99 0 Embryonic_leaf
136.86 -77.96 -58.82 57.7 64.05 24.11 0 Leaf
164.5 -87.26 -81.33 22.05 35.51 24.75 0 Petiole
126.57 64.92 -70.66 87.64 146.04 91.53 0 Embryonic_leaf
153.03 75.33 -54.02 85.82 68.63 31.06 0 Leaf
138.88 47.32 -73.5 5.48 9.96 28.7 0 Petiole
-22.96 101.75 -41.75 89.38 102.88 39.22 0 Leaf
5.98 81.5 -74.11 14.8 13.94 35.29 0 Petiole
-125.75 66.04 -66.52 123.1 158.9 43.39 0 Embryonic_leaf
-93.42 101.81 -29.15 98.05 88.15 42.04 0 Leaf
-118.58 69.48 -74.02 33.88 39.17 27.54 0 Petiole
169.2 -88.2 -107.14 1.78 1.77 9.31 0 Stem
236.21 -72.65 -79.28 6.24 4.98 12.98 0 Petiole
171.05 -94.72 -77.08 10.39 9.96 9.94 0 Leaf
164.3 -88.09 -90.43 9.6 7.3 12.12 0 Petiole
106.34 55.45 -77.34 19.35 17.59 4.56 0 Leaf
18.23 72.71 -92.51 96.31 137.73 99.71 0 Embryonic_leaf
36.88 63.97 -52.27 49.37 71.8 34.25 0 Leaf
-134.89 60.72 -70.44 32.9 21.65 18.67 0 Leaf
238.86 -59.57 -57.18 76.73 150.61 65.64 0 Plant
156.94 -86.47 -79.28 97.86 135.49 65.03 0 Plant
139.35 64.92 -70.66 113.18 146.04 91.53 0 Plant
-0.63 78.51 -82.26 134.04 149.34 120.22 0 Plant
-115.84 66.24 -48.17 142.9 159.3 80.08 0 Plant
-51.88 -102.22 -52.0 155.35 135.14 115.35 0 Plant
