-63.14 -96.65 -75.4 57.05 46.31 49.0 0 Leaf
-48.01 -74.17 -110.5 19.24 17.31 12.76 0 Embryonic_leaf
-51.04 -79.59 -95.73 16.67 23.78 9.95 0 Petiole
75.92 -102.78 -99.52 16.32 23.94 10.03 0 Embryonic_leaf
50.81 -98.12 -76.03 57.91 53.21 21.15 0 Leaf
75.77 -106.11 -88.09 20.33 14.63 7.99 0 Petiole
217.37 -100.32 -90.96 18.5 15.56 10.57 0 Embryonic_leaf
211.67 -107.77 -56.92 46.98 28.6 39.37 0 Leaf
219.69 -94.85 -75.73 12.02 26.05 9.71 0 Petiole
225.96 44.15 -91.65 18.72 11.42 9.34 0 Embryonic_leaf
230.32 63.04 -56.02 40.05 46.11 34.45 0 Leaf
223.32 41.43 -77.59 12.56 22.83 9.8 0 Petiole
176.12 82.33 -95.13 21.62 11.08 11.66 0 Embryonic_leaf
173.32 108.38 -80.77 28.21 39.24 8.9 0 Leaf
175.23 90.53 -88.06 3.33 12.41 5.09 0 Petiole
177.18 86.1 -94.2 0.38 1.33 5.82 0 Stem
118.26 73.3 -93.99 12.18 17.62 8.66 0 Embryonic_leaf
98.34 73.8 -64.0 60.65 45.89 28.94 0 Leaf
120.51 73.96 -79.64 21.39 3.66 9.2 0 Petiole
57.79 73.49 -74.81 33.18 24.01 46.7 0 Leaf
63.78 87.13 -107.55 23.05 12.7 9.6 0 Embryonic_leaf
64.76 84.94 -105.27 4.83 1.66 7.09 0 Stem
62.7 88.97 -97.66 5.93 18.37 6.03 0 Petiole
-17.29 68.51 -113.91 17.81 15.36 8.75 0 Embryonic_leaf
-22.28 66.61 -96.25 29.22 20.35 25.4 0 Leaf
-50.35 83.77 -91.13 15.64 17.96 10.94 0 Embryonic_leaf
-36.3 95.11 -65.02 22.76 36.65 35.14 0 Leaf
-46.95 88.13 -83.98 16.37 8.05 10.21 0 Petiole
-166.71 90.29 -108.14 15.49 14.91 7.76 0 Embryonic_leaf
-151.66 91.68 -77.74 29.27 36.32 41.97 0 Leaf
-173.14 91.12 -92.92 24.65 4.72 14.82 0 Petiole
-119.3 85.1 -79.91 52.44 44.56 33.69 0 Leaf
165.76 -92.42 -76.84 30.64 79.7 30.35 0 Leaf
143.62 -95.13 -45.87 60.38 56.53 44.43 0 Embryonic_leaf
125.46 -84.16 -62.82 59.59 54.54 34.26 0 Embryonic_leaf
-200.23 90.46 -80.98 47.57 37.98 23.85 0 Leaf
-66.87 83.77 -71.69 31.44 32.59 24.75 0 Leaf
57.05 111.71 -84.89 44.9 52.54 19.55 0 Leaf
136.67 88.59 -59.37 13.53 20.28 40.95 0 Leaf
175.56 75.79 -77.0 22.76 16.63 17.48 0 Leaf
213.47 31.56 -51.1 51.15 33.25 47.39 0 Leaf
229.99 -62.71 -63.16 50.16 68.17 23.13 0 Leaf
84.63 -113.75 -62.87 24.81 43.24 54.63 0 Leaf
-42.5 -59.15 -72.24 42.81 53.35 36.6 0 Leaf
-56.38 -76.14 -83.89 70.57 87.33 65.98 0 Plant
59.44 -103.45 -70.04 75.18 63.85 68.98 0 Plant
221.63 -75.35 -66.74 66.89 93.44 59.0 0 Plant
219.12 50.52 -61.86 62.44 71.16 68.91 0 Plant
173.32 97.74 -84.61 28.21 60.52 32.7 0 Plant
105.73 74.79 -68.6 75.42 47.89 59.42 0 Plant
57.05 99.73 -81.9 44.9 76.48 60.88 0 Plant
-22.28 66.61 -100.92 29.22 20.35 34.73 0 Plant
-53.76 90.46 -72.02 57.68 45.96 49.15 0 Plant
-180.52 90.66 -84.39 86.99 38.38 55.27 0 Plant
-119.3 85.1 -79.91 52.44 44.56 33.69 0 Plant
138.37 -92.42 -57.84 85.42 79.7 68.37 0 Plant
