-56.55 115.24 -56.42 152.1 87.02 55.97 0 Embryonic_leaf
115.79 77.73 -46.96 132.21 83.36 66.05 0 Embryonic_leaf
-22.18 -47.1 -76.24 120.0 155.11 67.84 0 Embryonic_leaf
155.21 -79.98 -41.73 166.46 94.69 88.51 0 Embryonic_leaf
109.5 135.68 -11.48 92.79 79.49 46.01 0 Leaf
123.1 86.92 -38.89 30.75 24.96 14.12 0 Leaf
-44.58 76.06 -10.25 79.4 37.34 56.74 0 Leaf
-50.28 102.53 -43.61 45.73 29.74 34.32 0 Leaf
-61.33 93.95 -77.31 23.75 9.1 12.77 0 Petiole
-50.02 96.57 -63.02 10.09 12.34 26.37 0 Petiole
35.03 -62.27 -40.22 71.21 81.39 46.6 0 Leaf
147.98 -87.32 12.44 81.95 94.69 93.82 0 Leaf
126.86 -76.24 -34.08 10.99 8.82 23.85 0 Petiole
-31.08 -31.11 -33.14 55.26 53.74 48.8 0 Leaf
10.02 -69.5 -66.82 36.12 30.46 24.76 0 Leaf
111.39 -40.3 -7.08 75.31 72.69 49.2 0 Leaf
121.23 65.39 1.07 90.68 38.68 56.69 0 Leaf
-71.32 153.65 -11.07 83.3 68.49 49.3 0 Leaf
-64.74 -3.8 -51.82 95.24 95.01 61.7 0 Leaf
-18.19 -86.47 -63.63 38.85 25.7 37.41 0 Leaf
-4.71 -60.81 -77.32 2.86 3.0 13.64 0 Petiole
-5.23 -50.27 -81.02 15.13 20.74 13.39 0 Leaf
-56.55 122.64 -33.14 152.1 130.5 102.53 0 Plant
115.79 105.73 -25.29 132.21 139.37 109.39 0 Plant
-20.86 -40.48 -59.45 183.0 168.36 101.41 0 Plant
155.21 -69.31 -13.32 166.46 130.7 145.34 0 Plant
