69.75 -83.73 -97.97 47.14 59.64 54.4 0 Embryonic_leaf
136.75 -60.88 -105.78 61.4 54.27 16.2 0 Embryonic_leaf
4.78 -53.93 -101.17 52.45 66.84 54.12 0 Embryonic_leaf
-28.44 -71.83 -104.42 23.93 79.37 43.67 0 Embryonic_leaf
-58.96 -68.6 -102.06 73.73 57.16 19.41 0 Embryonic_leaf
-107.23 -70.65 -98.96 100.96 13.46 26.75 0 Embryonic_leaf
-163.47 -93.39 -108.62 77.69 39.79 19.25 0 Embryonic_leaf
212.9 -81.2 -94.63 81.84 13.63 12.11 0 Embryonic_leaf
210.99 101.4 -95.15 57.47 72.89 9.63 0 Embryonic_leaf
-1.65 90.22 -99.71 70.62 22.61 29.48 0 Embryonic_leaf
-44.31 84.41 -99.27 42.41 82.81 24.75 0 Embryonic_leaf
-121.4 101.97 -106.96 45.76 83.34 19.11 0 Embryonic_leaf
-159.2 68.37 -94.16 37.5 62.33 21.82 0 Embryonic_leaf
69.75 -83.73 -97.97 47.14 59.64 54.4 0 Plant
136.75 -60.88 -105.78 61.4 54.27 16.2 0 Plant
4.78 -53.93 -101.17 52.45 66.84 54.12 0 Plant
-28.44 -71.83 -104.42 23.93 79.37 43.67 0 Plant
-58.96 -68.6 -102.06 73.73 57.16 19.41 0 Plant
-107.23 -70.65 -98.96 100.96 13.46 26.75 0 Plant
-163.47 -93.39 -108.62 77.69 39.79 19.25 0 Plant
212.9 -81.2 -94.63 81.84 13.63 12.11 0 Plant
210.99 101.4 -95.15 57.47 72.89 9.63 0 Plant
-1.65 90.22 -99.71 70.62 22.61 29.48 0 Plant
-44.31 84.41 -99.27 42.41 82.81 24.75 0 Plant
-121.4 101.97 -106.96 45.76 83.34 19.11 0 Plant
-159.2 68.37 -94.16 37.5 62.33 21.82 0 Plant
