128.59 -143.83 -62.87 85.1 63.99 54.71 0 Leaf
152.52 -121.83 -60.67 21.66 35.33 24.08 0 Petiole
172.84 -95.17 -52.76 21.58 20.0 15.65 0 Leaf
173.66 -91.3 -71.04 68.16 95.72 15.24 0 Embryonic_leaf
-65.02 -105.41 -80.0 130.39 47.5 29.12 0 Embryonic_leaf
-57.62 -70.99 -44.8 89.81 60.96 34.69 0 Leaf
-46.13 -143.75 -30.53 122.61 50.82 62.48 0 Leaf
-61.41 -120.75 -46.57 13.95 27.49 39.44 0 Petiole
-61.6 72.6 -70.26 85.09 72.91 55.82 0 Embryonic_leaf
-66.32 29.93 -38.23 107.23 71.56 58.06 0 Leaf
-40.32 122.61 -51.52 99.0 78.26 40.73 0 Leaf
-59.63 63.26 -53.39 18.08 28.9 36.45 0 Petiole
149.85 83.16 -87.22 103.82 48.69 18.71 0 Embryonic_leaf
152.51 59.81 -27.02 85.27 32.66 63.34 0 Leaf
152.66 96.31 -64.84 25.8 27.66 11.91 0 Leaf
149.75 78.48 -71.47 2.88 8.67 10.63 0 Petiole
148.41 71.14 -67.82 3.52 6.0 13.31 0 Petiole
146.89 -109.63 -62.87 121.7 132.38 54.71 0 Plant
-57.52 -104.83 -46.92 145.38 128.65 95.27 0 Plant
-55.38 77.95 -53.68 129.12 167.58 88.97 0 Plant
149.85 76.81 -45.96 103.82 66.66 101.22 0 Plant
