104.31 54.47 -47.37 61.22 53.9 69.2 0 Leaf
52.17 118.18 -77.38 90.27 78.85 46.58 0 Leaf
-93.68 -11.9 -83.07 104.69 70.6 50.59 0 Leaf
-79.02 -88.71 -32.85 79.17 37.18 48.78 0 Leaf
88.61 71.14 -103.61 111.51 80.58 31.75 0 Embryonic_leaf
-83.75 -75.59 -107.71 113.88 37.95 52.5 0 Embryonic_leaf
-71.3 -85.72 -64.83 3.76 11.01 21.79 0 Petiole
-73.62 -70.32 -66.6 12.65 16.47 34.91 0 Leaf
96.97 56.2 -68.88 10.61 10.67 16.69 0 Embryonic_leaf
75.28 87.49 -75.01 20.31 25.48 16.53 0 Petiole
75.7 92.56 -66.13 137.32 130.09 106.71 0 Plant
-86.41 -41.94 -71.21 119.21 130.7 125.5 0 Plant
