126.98 -75.09 -40.23 122.79 84.69 42.91 0 Embryonic_leaf
127.14 -72.16 -28.36 62.57 84.83 27.18 0 Leaf
40.38 -74.88 -32.4 66.2 110.07 69.73 0 Embryonic_leaf
23.19 -99.29 -49.33 47.24 54.58 22.41 0 Leaf
162.96 78.08 -49.53 110.78 92.4 45.44 0 Embryonic_leaf
169.26 83.69 -32.06 52.42 55.2 39.8 0 Leaf
-10.72 94.44 -59.2 116.39 87.65 60.81 0 Embryonic_leaf
-53.76 72.42 -29.66 81.43 72.96 34.51 0 Leaf
-28.39 77.75 -65.6 10.08 11.6 19.32 0 Petiole
90.31 74.43 -41.6 106.1 135.66 48.15 0 Embryonic_leaf
71.16 56.87 -21.66 90.69 41.36 81.43 0 Leaf
129.75 -96.66 -44.38 15.58 10.48 25.98 0 Leaf
-22.77 66.28 -68.36 7.79 6.0 31.41 0 Petiole
-13.06 72.57 -63.95 7.33 5.43 3.91 0 Leaf
122.3 -83.42 -80.9 2.14 2.67 9.09 0 Stem
126.98 -73.59 -50.11 122.79 87.69 70.68 0 Plant
36.52 -74.88 -32.4 73.92 110.07 69.73 0 Plant
162.96 78.08 -42.2 110.78 92.4 60.1 0 Plant
-23.5 87.1 -51.0 141.95 102.32 77.2 0 Plant
84.59 74.43 -23.31 117.55 135.66 84.73 0 Plant
-95.37 -64.96 -45.11 93.42 74.22 113.08 0 Plant
-152.5 102.9 -54.4 65.8 64.04 51.19 0 Plant
