185.45 90.69 -98.19 95.26 66.29 11.32 0 Embryonic_leaf
168.46 115.93 -56.87 13.22 25.54 25.73 0 Petiole
184.17 91.36 -67.32 9.01 8.94 9.03 0 Petiole
191.53 85.85 -27.72 83.18 64.63 103.3 0 Leaf
143.47 149.57 -31.16 123.49 100.83 38.74 0 Leaf
19.33 96.45 -76.57 111.07 34.59 27.92 0 Embryonic_leaf
20.43 105.9 -60.13 7.86 24.68 39.14 0 Petiole
31.26 68.82 -53.09 54.73 54.01 28.27 0 Leaf
7.47 149.41 -27.86 119.37 79.54 61.5 0 Leaf
96.52 -83.05 -74.38 112.71 69.03 10.6 0 Embryonic_leaf
97.94 -82.67 -62.23 8.88 5.78 20.13 0 Petiole
90.25 -70.21 -35.91 32.63 24.68 17.64 0 Leaf
125.82 -28.02 -5.21 105.66 88.4 85.39 0 Leaf
76.08 -91.72 -3.58 104.34 34.35 112.82 0 Leaf
-131.85 -80.22 -88.29 46.54 126.08 39.48 0 Embryonic_leaf
-128.42 -78.75 -102.59 3.34 2.4 10.55 0 Stem
-211.92 -31.19 -8.02 84.62 92.06 83.25 0 Leaf
-109.48 -63.54 -16.14 88.86 99.4 63.95 0 Leaf
-177.88 -69.71 -26.5 18.91 7.0 19.52 0 Petiole
-146.92 -75.05 -40.32 7.31 7.0 30.02 0 Petiole
-158.86 -63.88 -30.47 34.81 62.71 37.02 0 Leaf
-93.57 60.21 -79.08 59.63 122.75 21.67 0 Embryonic_leaf
-98.98 62.54 -48.07 22.62 11.34 27.07 0 Petiole
-135.13 102.57 -25.05 78.78 79.39 76.4 0 Leaf
-50.7 59.54 -25.0 11.62 5.34 12.03 0 Petiole
-72.86 71.55 -31.28 39.79 34.69 32.99 0 Leaf
-11.76 90.03 21.49 121.03 87.11 85.4 0 Leaf
157.42 126.76 -39.96 151.4 146.45 127.78 0 Plant
11.32 115.5 -43.82 127.08 147.37 93.43 0 Plant
101.28 -50.69 -13.42 154.73 133.74 132.52 0 Plant
-159.64 -64.21 -37.21 189.19 158.11 141.64 0 Plant
-62.88 70.55 -12.86 223.28 143.43 154.1 0 Plant
