-167.64 -77.05 -85.38 67.6 37.7 26.8 0 Embryonic_leaf
-215.07 55.33 -88.42 45.1 29.98 29.49 0 Embryonic_leaf
-67.93 -82.11 -91.46 55.34 60.23 22.78 0 Embryonic_leaf
-123.4 57.39 -106.52 55.5 46.1 48.46 0 Embryonic_leaf
81.74 -62.35 -90.79 29.34 43.78 39.92 0 Embryonic_leaf
-17.32 -72.09 -92.5 36.26 71.62 24.64 0 Embryonic_leaf
15.74 -73.18 -97.84 22.13 14.14 32.7 0 Embryonic_leaf
194.34 63.56 -96.04 46.83 62.82 35.49 0 Embryonic_leaf
89.66 62.46 -94.61 82.29 49.96 38.2 0 Embryonic_leaf
3.77 69.55 -103.28 59.39 51.76 34.71 0 Embryonic_leaf
-167.64 -77.05 -85.38 67.6 37.7 26.8 0 Plant
-215.07 55.33 -88.42 45.1 29.98 29.49 0 Plant
-67.93 -82.11 -91.46 55.34 60.23 22.78 0 Plant
-123.4 57.39 -106.52 55.5 46.1 48.46 0 Plant
81.74 -62.35 -90.79 29.34 43.78 39.92 0 Plant
-17.32 -72.09 -92.5 36.26 71.62 24.64 0 Plant
15.74 -73.18 -97.84 22.13 14.14 32.7 0 Plant
194.34 63.56 -96.04 46.83 62.82 35.49 0 Plant
89.66 62.46 -94.61 82.29 49.96 38.2 0 Plant
3.77 69.55 -103.28 59.39 51.76 34.71 0 Plant
-42.62 56.0 -85.48 76.93 67.29 40.37 0 Plant
