157.22 81.05 -65.27 110.92 150.96 50.52 0 Embryonic_leaf
-92.81 58.61 -49.77 94.76 69.38 44.68 0 Embryonic_leaf
106.05 -52.69 -21.32 76.71 45.68 62.85 0 Leaf
49.1 71.24 -44.24 136.12 64.13 54.57 0 Embryonic_leaf
103.17 -46.82 -47.71 134.65 66.75 39.02 0 Embryonic_leaf
-144.42 -99.83 -50.41 71.56 78.05 35.58 0 Leaf
-82.17 -80.83 -57.05 109.48 132.1 52.06 0 Embryonic_leaf
-92.8 -109.11 -73.2 24.98 14.33 17.23 0 Petiole
-107.73 -80.82 -62.11 1.24 9.34 12.43 0 Petiole
-103.73 -95.27 -70.0 5.13 2.22 7.63 0 Petiole
-103.71 -94.7 -92.93 1.96 2.33 22.39 0 Stem
56.96 114.7 -31.84 111.8 97.28 19.88 0 Leaf
34.53 69.9 -70.22 9.82 2.57 10.32 0 Petiole
161.32 75.01 -62.83 14.19 9.0 19.9 0 Leaf
173.89 91.6 -64.34 7.17 15.29 21.98 0 Petiole
152.13 64.78 -63.08 9.52 10.33 13.76 0 Petiole
167.83 78.4 -91.08 8.03 7.77 19.96 0 Stem
-84.75 62.73 -77.86 11.1 5.1 24.41 0 Petiole
-96.04 56.38 -78.84 13.21 8.45 21.87 0 Petiole
-88.02 62.63 -99.57 5.26 2.7 10.57 0 Stem
157.22 81.05 -70.54 110.92 150.96 61.05 0 Plant
-92.81 58.61 -66.15 94.76 69.38 77.43 0 Plant
103.17 -46.82 -28.55 134.65 66.75 77.32 0 Plant
49.1 101.26 -46.16 136.12 124.17 58.42 0 Plant
-103.82 -80.83 -67.57 152.76 132.1 73.1 0 Plant
