156.6 80.04 -61.51 72.18 47.0 45.5 0 Embryonic_leaf
162.86 78.28 -30.24 69.16 28.1 32.85 0 Leaf
-52.97 71.59 -60.23 61.74 65.56 49.65 0 Embryonic_leaf
-73.99 73.87 -10.5 55.35 74.12 69.51 0 Leaf
-38.93 104.31 -48.93 57.39 56.06 18.65 0 Leaf
-58.64 69.85 -66.91 9.01 7.21 17.65 0 Petiole
-102.73 -95.4 -6.91 81.37 67.41 67.42 0 Leaf
-70.46 -98.07 -52.11 93.31 71.42 46.26 0 Embryonic_leaf
-80.1 -105.35 -58.16 10.81 3.34 30.37 0 Petiole
-68.43 -74.08 -49.04 46.92 44.49 30.82 0 Embryonic_leaf
161.71 -85.51 -70.68 10.9 10.48 23.18 0 Petiole
169.08 -84.7 -60.25 37.79 62.38 44.98 0 Embryonic_leaf
127.62 -72.46 -23.5 69.18 82.06 67.63 0 Leaf
158.98 80.04 -49.04 76.94 47.0 70.44 0 Plant
-55.95 84.57 -30.4 91.43 95.53 109.31 0 Plant
-83.61 -92.81 -24.22 119.6 81.95 102.04 0 Plant
140.5 -73.66 -36.21 94.95 84.46 93.06 0 Plant
