126.91 -92.62 -64.74 77.65 92.2 29.46 0 Embryonic_leaf
102.3 -120.65 -32.15 34.67 42.82 41.78 0 Leaf
109.73 -102.72 -67.46 5.41 5.35 11.9 0 Petiole
118.31 -101.46 -104.39 3.17 2.17 21.07 0 Stem
18.81 -82.1 -76.41 137.7 43.32 29.08 0 Embryonic_leaf
12.57 -86.43 -61.53 11.07 15.59 16.11 0 Leaf
-116.7 -74.49 -49.61 140.47 52.19 55.81 0 Embryonic_leaf
-105.74 51.22 -95.32 88.48 76.12 43.36 0 Embryonic_leaf
-145.82 88.43 -52.96 54.61 58.21 28.45 0 Leaf
-127.02 64.68 -74.74 13.61 13.38 12.19 0 Petiole
7.28 89.24 -69.05 93.84 78.57 34.93 0 Embryonic_leaf
-23.76 38.18 -58.44 68.13 51.37 41.74 0 Leaf
-12.82 58.51 -67.91 4.27 9.37 9.17 0 Petiole
98.19 52.97 -70.2 28.01 117.09 37.21 0 Embryonic_leaf
101.74 48.7 -101.31 1.32 1.78 15.31 0 Stem
137.05 62.52 -72.77 100.43 84.29 31.29 0 Embryonic_leaf
183.0 91.03 -51.95 64.85 68.76 29.04 0 Leaf
153.16 77.87 -74.15 13.21 7.97 9.78 0 Petiole
125.35 -94.29 -63.09 80.77 95.54 103.66 0 Plant
18.81 -82.1 -72.21 137.7 43.32 37.47 0 Plant
-116.7 -74.49 -49.61 140.47 52.19 55.81 0 Plant
-117.31 65.35 -77.86 111.63 104.38 78.26 0 Plant
-1.81 70.51 -62.04 112.03 116.04 48.94 0 Plant
98.19 52.97 -80.28 28.01 117.09 57.37 0 Plant
151.13 72.89 -62.93 128.6 105.03 50.99 0 Plant
