212.83 -100.46 -92.0 19.31 12.44 12.96 0 Embryonic_leaf
213.75 -80.02 -49.91 58.42 102.64 64.75 0 Leaf
218.25 -99.01 -75.41 9.4 33.99 10.16 0 Petiole
229.64 43.28 -91.57 6.59 8.0 8.79 0 Embryonic_leaf
216.11 56.94 -47.6 76.91 64.65 56.72 0 Leaf
222.17 45.95 -77.37 16.58 26.66 18.19 0 Petiole
179.81 88.6 -49.81 52.55 79.98 60.58 0 Leaf
178.47 77.94 -94.82 13.38 10.66 11.86 0 Embryonic_leaf
178.18 88.6 -74.95 12.95 22.66 13.02 0 Petiole
104.8 84.27 -46.33 56.17 52.65 69.09 0 Leaf
115.9 80.44 -92.23 8.3 3.67 6.35 0 Embryonic_leaf
117.87 77.61 -73.89 13.76 7.33 13.01 0 Petiole
51.98 102.82 -63.69 68.54 87.09 62.96 0 Leaf
62.95 83.64 -107.47 19.37 7.93 10.07 0 Embryonic_leaf
62.12 89.94 -95.28 8.25 25.33 8.98 0 Petiole
-62.25 -48.83 -59.16 85.49 62.37 77.57 0 Leaf
-53.14 -66.69 -114.03 3.77 5.33 5.64 0 Embryonic_leaf
-49.95 -66.19 -93.58 14.22 15.0 17.72 0 Petiole
11.79 -77.02 -78.02 46.62 20.66 36.99 0 Leaf
26.57 -95.99 -107.77 9.52 4.67 5.62 0 Embryonic_leaf
-187.08 97.6 -60.72 71.26 51.32 60.17 0 Leaf
-174.06 90.71 -112.09 8.93 10.01 15.88 0 Embryonic_leaf
-176.31 93.82 -87.38 25.14 7.76 14.2 0 Petiole
-123.35 97.52 -72.1 67.43 73.81 57.42 0 Leaf
-124.05 89.6 -97.34 17.04 23.33 29.52 0 Petiole
62.56 -90.66 -58.62 80.01 59.34 92.63 0 Leaf
77.23 -104.19 -102.21 15.03 23.9 9.34 0 Embryonic_leaf
70.33 -100.51 -81.46 25.28 19.66 18.35 0 Petiole
-26.69 68.61 -80.19 48.9 45.32 41.15 0 Leaf
-27.31 71.7 -101.79 17.44 4.86 18.3 0 Petiole
-17.04 69.07 -114.57 14.85 17.73 11.11 0 Embryonic_leaf
-52.81 95.99 -58.84 67.45 75.43 78.39 0 Leaf
141.18 -87.68 -52.55 90.7 91.31 78.73 0 Leaf
213.75 -80.02 -58.0 58.42 102.64 80.94 0 Plant
216.11 56.94 -57.6 76.91 64.65 76.72 0 Plant
179.81 88.6 -60.14 52.55 79.98 81.23 0 Plant
104.8 84.27 -53.6 56.17 52.65 83.62 0 Plant
51.98 102.82 -72.36 68.54 87.09 80.29 0 Plant
-62.25 -48.83 -68.61 85.49 62.37 96.47 0 Plant
11.79 -82.51 -85.05 46.62 31.64 51.06 0 Plant
-187.08 97.6 -75.33 71.26 51.32 89.39 0 Plant
-123.35 97.52 -77.74 67.43 73.81 68.71 0 Plant
62.56 -90.66 -59.59 80.01 59.34 94.58 0 Plant
-26.69 68.61 -89.87 48.9 45.32 60.52 0 Plant
-52.81 95.99 -58.84 67.45 75.43 78.39 0 Plant
141.18 -87.68 -52.55 90.7 91.31 78.73 0 Plant
