196.93 44.77 -78.99 58.19 16.76 32.84 0 Embryonic_leaf
142.81 62.09 -84.65 56.24 40.73 29.62 0 Embryonic_leaf
90.29 37.2 -83.22 14.26 17.6 23.97 0 Embryonic_leaf
36.8 52.71 -92.89 50.23 53.2 20.63 0 Embryonic_leaf
-26.75 69.15 -91.47 54.56 41.52 42.9 0 Embryonic_leaf
-69.86 49.72 -90.84 63.79 34.65 28.71 0 Embryonic_leaf
-140.21 52.5 -86.81 59.56 53.09 19.63 0 Embryonic_leaf
-202.45 -87.89 -106.57 67.21 51.31 48.08 0 Embryonic_leaf
127.84 -91.06 -90.01 34.77 53.65 51.97 0 Embryonic_leaf
202.7 -74.02 -92.88 69.4 25.3 40.9 0 Embryonic_leaf
80.09 -61.71 -86.67 51.17 40.62 36.52 0 Embryonic_leaf
14.01 -95.56 -91.15 70.58 30.65 44.53 0 Embryonic_leaf
-46.09 -95.56 -95.6 59.84 27.99 43.42 0 Embryonic_leaf
-114.38 -92.63 -91.62 34.1 72.5 47.74 0 Embryonic_leaf
-77.91 34.06 -107.06 42.11 51.31 21.14 0 Embryonic_leaf
-65.47 -63.21 -110.49 60.44 33.6 48.05 0 Embryonic_leaf
-102.67 -71.96 -86.51 62.2 23.44 32.63 0 Embryonic_leaf
196.93 44.77 -78.99 58.19 16.76 32.84 0 Plant
142.81 62.09 -84.65 56.24 40.73 29.62 0 Plant
90.29 37.2 -83.22 14.26 17.6 23.97 0 Plant
36.8 52.71 -92.89 50.23 53.2 20.63 0 Plant
-26.75 69.15 -91.47 54.56 41.52 42.9 0 Plant
-69.86 49.72 -90.84 63.79 34.65 28.71 0 Plant
-140.21 52.5 -86.81 59.56 53.09 19.63 0 Plant
-202.45 -87.89 -106.57 67.21 51.31 48.08 0 Plant
127.84 -91.06 -90.01 34.77 53.65 51.97 0 Plant
202.7 -74.02 -92.88 69.4 25.3 40.9 0 Plant
80.09 -61.71 -86.67 51.17 40.62 36.52 0 Plant
14.01 -95.56 -91.15 70.58 30.65 44.53 0 Plant
-46.09 -95.56 -95.6 59.84 27.99 43.42 0 Plant
-114.38 -92.63 -91.62 34.1 72.5 47.74 0 Plant
-77.91 34.06 -107.06 42.11 51.31 21.14 0 Plant
-65.47 -63.21 -110.49 60.44 33.6 48.05 0 Plant
-102.67 -71.96 -86.51 62.2 23.44 32.63 0 Plant
