190.74 81.85 -77.55 85.99 33.33 18.9 0 Embryonic_leaf
216.28 56.74 -73.22 5.05 13.78 6.96 0 Petiole
153.01 -52.13 -75.51 121.54 62.66 69.45 0 Embryonic_leaf
103.9 -55.92 -96.32 83.39 99.07 32.82 0 Embryonic_leaf
106.87 -57.13 -63.96 29.54 32.66 24.89 0 Leaf
22.96 -67.88 -81.87 108.95 120.48 45.03 0 Embryonic_leaf
-85.3 -62.59 -101.26 105.72 76.4 62.41 0 Embryonic_leaf
-136.89 -118.27 -62.95 86.89 61.04 47.9 0 Leaf
-117.55 -128.12 -98.65 27.38 99.99 48.51 0 Petiole
107.01 93.72 -104.01 86.66 79.86 50.02 0 Embryonic_leaf
66.64 91.74 -43.48 73.55 43.77 56.95 0 Leaf
-35.44 77.75 -97.07 117.56 101.12 61.83 0 Embryonic_leaf
-120.99 87.85 -93.96 117.33 61.33 45.91 0 Embryonic_leaf
-97.13 156.92 -72.01 70.02 73.49 45.05 0 Leaf
-126.76 92.85 -54.86 29.78 16.66 31.42 0 Leaf
-109.56 108.47 -79.24 13.17 24.58 10.09 0 Petiole
-116.65 94.51 -81.35 3.04 5.33 6.29 0 Petiole
226.04 43.52 -80.47 55.52 44.66 30.78 0 Leaf
211.42 68.52 -69.5 5.47 9.6 9.47 0 Petiole
158.98 -61.8 -71.49 17.75 11.33 17.47 0 Leaf
14.69 -67.46 -59.95 12.88 9.33 7.42 0 Leaf
-100.5 -76.55 -81.31 7.47 6.95 8.63 0 Petiole
-31.39 63.96 -71.1 24.83 7.78 15.86 0 Leaf
93.77 86.18 -68.12 16.27 15.33 11.35 0 Petiole
-89.9 -52.57 -61.84 35.23 41.01 25.12 0 Petiole
200.77 59.85 -80.32 106.05 77.32 31.1 0 Plant
153.01 -52.13 -75.51 121.54 62.66 69.45 0 Plant
103.9 -55.92 -82.13 83.39 99.07 61.22 0 Plant
22.96 -67.88 -80.31 108.95 120.48 48.14 0 Plant
-106.39 -101.25 -85.74 147.89 153.72 93.47 0 Plant
90.1 93.72 -72.01 120.48 79.86 114.01 0 Plant
-35.44 77.75 -95.57 117.56 101.12 64.82 0 Plant
-120.89 125.43 -78.03 117.53 136.48 77.77 0 Plant
