-125.81 -78.6 -45.35 122.92 110.2 49.48 0 Embryonic_leaf
-121.69 -67.03 -67.07 27.96 25.54 10.28 0 Leaf
-119.56 -81.59 -67.8 27.96 25.89 23.9 0 Petiole
-151.95 92.87 -58.99 70.99 109.13 40.81 0 Embryonic_leaf
-147.31 86.16 -71.23 15.16 28.13 26.31 0 Petiole
50.32 -99.13 -62.27 84.62 163.4 42.78 0 Embryonic_leaf
30.21 -99.13 -65.15 38.76 44.47 17.89 0 Leaf
48.51 -97.99 -66.2 13.84 47.51 24.83 0 Petiole
123.03 -81.5 -51.39 149.38 91.11 32.26 0 Embryonic_leaf
127.48 -83.53 -72.76 40.83 13.27 25.46 0 Petiole
124.09 -103.14 -68.81 16.02 25.18 11.63 0 Leaf
161.89 74.59 -52.61 131.27 95.28 40.17 0 Embryonic_leaf
172.64 72.92 -47.77 43.28 49.51 29.33 0 Leaf
140.16 79.82 -59.57 3.77 4.13 7.49 0 Petiole
83.73 72.27 -69.44 131.4 125.15 77.61 0 Embryonic_leaf
59.7 50.96 -49.27 79.22 49.35 32.84 0 Leaf
-110.82 -79.23 -83.52 13.53 5.12 23.76 0 Petiole
-125.81 -78.6 -58.01 122.92 110.2 74.78 0 Plant
-151.95 92.87 -61.49 70.99 109.13 45.8 0 Plant
50.32 -99.13 -62.27 84.62 163.4 42.78 0 Plant
123.03 -81.5 -60.37 149.38 91.11 50.23 0 Plant
161.89 74.59 -52.61 131.27 95.28 40.17 0 Plant
83.73 72.27 -69.44 131.4 125.15 77.61 0 Plant
-23.02 85.04 -77.7 116.34 94.93 79.8 0 Plant
