90.87 -74.94 -80.55 73.55 45.56 18.24 0 Embryonic_leaf
-96.01 59.57 -91.76 47.38 39.32 27.15 0 Embryonic_leaf
63.99 76.13 -78.49 67.93 48.0 42.1 0 Embryonic_leaf
195.32 -71.17 -84.63 45.33 65.99 40.67 0 Embryonic_leaf
-181.2 52.41 -71.94 49.78 49.65 45.47 0 Embryonic_leaf
-106.55 -89.98 -72.02 38.86 75.64 51.9 0 Embryonic_leaf
-162.86 -91.04 -88.37 85.71 40.65 29.57 0 Embryonic_leaf
161.06 78.45 -90.76 64.58 58.41 32.29 0 Embryonic_leaf
39.91 -84.71 -68.95 70.54 55.98 50.32 0 Embryonic_leaf
90.87 -74.94 -80.55 73.55 45.56 18.24 0 Plant
-96.01 59.57 -91.76 47.38 39.32 27.15 0 Plant
63.99 76.13 -78.49 67.93 48.0 42.1 0 Plant
195.32 -71.17 -84.63 45.33 65.99 40.67 0 Plant
-181.2 52.41 -71.94 49.78 49.65 45.47 0 Plant
-106.55 -89.98 -72.02 38.86 75.64 51.9 0 Plant
-162.86 -91.04 -88.37 85.71 40.65 29.57 0 Plant
161.06 78.45 -90.76 64.58 58.41 32.29 0 Plant
39.91 -84.71 -68.95 70.54 55.98 50.32 0 Plant
