-46.93 -76.81 -83.23 114.42 64.65 45.75 0 Embryonic_leaf
-35.7 -86.3 -102.62 26.02 16.33 19.11 0 Petiole
147.09 -74.47 -77.98 86.92 91.98 32.97 0 Embryonic_leaf
164.94 -84.14 -96.51 14.51 19.33 23.02 0 Petiole
233.77 -49.81 -69.23 45.89 50.65 42.19 0 Embryonic_leaf
236.48 -63.81 -87.47 1.45 9.33 9.4 0 Petiole
-122.81 99.65 -51.81 83.33 98.31 73.22 0 Embryonic_leaf
-123.71 83.03 -88.12 14.39 17.43 14.83 0 Petiole
-46.93 -76.81 -86.27 114.42 64.65 51.82 0 Plant
147.09 -74.47 -84.76 86.92 91.98 46.53 0 Plant
233.77 -49.81 -70.15 45.89 50.65 44.04 0 Plant
-122.81 99.65 -55.37 83.33 98.31 80.33 0 Plant
-90.88 -22.46 -113.14 42.61 73.26 36.08 0 Plant
-197.64 107.57 -77.85 65.54 62.46 53.19 0 Plant
152.93 80.82 -67.3 62.71 99.97 62.09 0 Plant
-68.32 101.65 -78.61 51.89 57.65 55.43 0 Plant
-15.76 106.99 -81.98 89.59 81.67 45.79 0 Plant
-20.91 116.03 -109.19 6.76 26.88 19.68 0 Plant
97.35 94.93 -62.68 77.92 86.42 96.03 0 Plant
44.16 93.4 -61.12 68.86 125.13 61.38 0 Plant
