-97.62 59.52 -57.42 103.32 73.69 36.64 0 Embryonic_leaf
-94.48 58.59 -80.12 22.11 13.14 31.1 0 Petiole
-90.76 -90.88 -59.34 100.69 141.98 54.2 0 Embryonic_leaf
-135.15 -109.76 -61.12 52.85 72.36 33.39 0 Leaf
-100.13 -105.78 -70.46 26.51 29.88 25.52 0 Petiole
106.59 -47.81 -66.64 133.98 56.18 71.74 0 Embryonic_leaf
96.78 -83.32 -62.61 69.44 56.19 44.83 0 Leaf
104.26 -52.89 -79.94 39.63 9.99 28.73 0 Petiole
50.09 63.06 -61.33 147.27 78.12 32.92 0 Embryonic_leaf
49.34 114.55 -36.68 91.73 81.25 25.55 0 Leaf
49.04 69.02 -67.64 44.42 13.02 16.41 0 Petiole
159.76 91.79 -70.71 101.79 137.4 71.22 0 Embryonic_leaf
161.21 85.51 -73.26 26.44 38.96 29.5 0 Petiole
102.38 -39.89 -76.54 17.04 23.57 11.18 0 Leaf
54.9 54.41 -70.55 13.02 31.61 7.99 0 Leaf
167.51 88.49 -78.98 7.28 12.13 16.45 0 Leaf
-92.01 60.94 -84.7 6.67 2.61 5.0 0 Leaf
-86.99 -95.49 -55.22 26.95 7.09 25.13 0 Leaf
-97.62 59.52 -67.39 103.32 73.69 56.57 0 Plant
-100.99 -90.88 -59.34 121.16 141.98 54.2 0 Plant
106.59 -65.57 -66.64 133.98 91.7 71.74 0 Plant
50.09 89.59 -50.85 147.27 131.17 53.87 0 Plant
159.76 91.79 -70.71 101.79 137.4 71.22 0 Plant
