213.72 92.41 -91.12 73.24 101.86 28.92 0 Embryonic_leaf
215.08 -83.1 -83.87 103.25 14.77 21.37 0 Embryonic_leaf
178.05 -91.15 -94.38 32.65 92.64 54.41 0 Embryonic_leaf
144.26 -82.48 -122.82 13.12 14.0 6.18 0 Embryonic_leaf
213.72 92.41 -91.12 73.24 101.86 28.92 0 Plant
173.97 83.8 -78.7 89.13 43.99 39.1 0 Plant
118.19 -60.82 -84.71 84.49 42.66 24.18 0 Plant
215.08 -83.1 -83.87 103.25 14.77 21.37 0 Plant
-166.73 67.87 -98.67 51.24 71.12 60.16 0 Plant
178.05 -91.15 -94.38 32.65 92.64 54.41 0 Plant
144.26 -82.48 -122.82 13.12 14.0 6.18 0 Plant
-118.19 85.92 -96.86 61.41 116.2 51.43 0 Plant
123.64 78.14 -70.67 44.97 103.31 51.22 0 Plant
59.11 -66.36 -70.57 67.1 55.59 63.74 0 Plant
9.91 -49.16 -72.13 77.06 77.31 41.16 0 Plant
-24.79 -78.49 -95.92 39.96 115.3 33.7 0 Plant
-181.91 -100.7 -91.24 96.87 46.88 25.47 0 Plant
-114.82 -64.49 -83.87 115.41 31.33 25.32 0 Plant
-59.69 -80.6 -92.74 73.7 91.54 63.63 0 Plant
-49.66 87.74 -71.97 56.15 103.4 45.05 0 Plant
-3.09 88.2 -80.28 67.21 23.46 44.81 0 Plant
11.19 92.25 -70.31 95.55 102.19 31.05 0 Plant
71.05 74.12 -84.54 75.53 35.95 26.78 0 Plant
