233.28 -127.45 -55.64 72.81 139.61 28.41 0 Embryonic_leaf
234.17 -132.48 -77.31 10.9 34.18 18.25 0 Petiole
132.99 -110.97 -58.66 89.5 121.69 50.96 0 Embryonic_leaf
126.02 -122.03 -84.11 22.92 38.5 23.65 0 Petiole
-108.83 71.25 -73.26 117.33 109.91 81.89 0 Embryonic_leaf
-94.3 75.83 -82.88 40.71 27.05 29.38 0 Petiole
-69.67 115.75 -52.37 87.9 74.03 27.25 0 Leaf
-82.15 77.73 -87.2 6.9 7.3 9.5 0 Petiole
-85.61 74.59 -82.08 7.02 6.28 8.57 0 Petiole
-101.39 62.87 -72.87 33.6 32.42 10.25 0 Leaf
123.53 -130.05 -87.41 8.45 7.19 9.6 0 Petiole
106.39 -135.64 -72.66 28.49 25.89 19.03 0 Leaf
239.86 -131.54 -75.9 9.65 4.42 7.2 0 Petiole
256.6 -138.29 -63.13 29.13 12.61 14.62 0 Leaf
234.02 -127.45 -63.94 74.3 139.61 45.01 0 Plant
132.99 -110.97 -64.56 89.5 121.69 62.75 0 Plant
-96.61 84.53 -73.26 141.77 136.47 81.89 0 Plant
35.99 64.7 -60.52 138.94 127.88 122.73 0 Plant
171.41 69.84 -48.26 133.12 124.88 66.49 0 Plant
-142.79 -104.44 -61.41 169.22 140.05 65.1 0 Plant
-43.64 -98.91 -41.49 147.52 201.99 84.94 0 Plant
