196.02 84.34 -92.8 80.35 34.51 44.42 0 Embryonic_leaf
220.93 64.89 -38.3 68.83 41.55 34.93 0 Leaf
203.67 89.32 -63.87 15.74 24.56 12.03 0 Leaf
212.35 67.42 -69.52 8.31 5.97 13.71 0 Petiole
207.28 75.69 -72.5 2.06 4.6 3.9 0 Petiole
102.8 93.97 -107.95 93.5 78.99 53.7 0 Embryonic_leaf
96.25 96.62 -61.69 31.0 33.85 21.97 0 Leaf
56.33 65.83 -75.26 75.17 61.22 40.16 0 Leaf
77.81 69.16 -71.99 18.68 13.44 18.86 0 Petiole
-43.74 88.86 -80.14 126.42 97.16 11.67 0 Embryonic_leaf
-21.56 56.13 -76.64 32.47 40.49 28.49 0 Leaf
-46.68 48.24 -69.29 24.88 23.09 24.99 0 Leaf
-30.68 65.14 -74.64 6.0 6.85 9.64 0 Petiole
-122.16 87.53 -108.45 96.09 47.53 59.14 0 Embryonic_leaf
-106.03 157.95 -74.79 78.89 67.57 56.36 0 Leaf
-134.38 72.51 -77.93 57.08 43.75 35.78 0 Leaf
-118.29 112.17 -75.62 5.28 28.64 14.65 0 Petiole
-122.73 89.13 -75.62 4.75 6.03 10.5 0 Petiole
-87.6 -73.28 -111.51 103.31 88.07 66.4 0 Embryonic_leaf
-137.06 -124.78 -71.04 76.31 78.66 60.59 0 Leaf
-115.44 -96.47 -77.29 17.69 23.11 13.66 0 Petiole
-87.95 -45.88 -56.2 58.92 56.56 30.77 0 Leaf
19.86 -68.92 -88.8 96.76 102.09 45.78 0 Embryonic_leaf
-0.68 -59.29 -61.75 29.61 24.69 24.32 0 Leaf
142.33 -56.31 -94.83 119.77 75.54 45.38 0 Embryonic_leaf
160.93 -89.12 -73.07 21.72 21.68 21.61 0 Leaf
101.18 -74.29 -106.07 61.57 84.96 58.62 0 Embryonic_leaf
100.88 -45.75 -51.24 48.64 53.1 27.21 0 Leaf
42.13 -77.61 -58.73 18.42 31.86 8.02 0 Leaf
-103.2 -78.21 -75.54 10.39 6.77 14.01 0 Petiole
-122.33 94.3 -77.85 7.36 6.64 11.98 0 Leaf
-40.19 64.43 -75.8 3.63 9.29 5.51 0 Petiole
-33.02 70.74 -72.7 5.54 5.97 13.92 0 Leaf
92.25 83.9 -75.01 2.96 3.1 5.03 0 Petiole
89.08 81.13 -72.14 7.03 5.53 8.21 0 Leaf
209.33 72.39 -75.67 4.78 3.98 3.64 0 Leaf
14.29 -70.05 -66.02 7.73 4.78 10.11 0 Petiole
28.91 -73.23 -62.84 8.89 5.84 7.65 0 Petiole
15.86 -74.01 -62.09 11.33 4.74 10.88 0 Leaf
88.55 -70.31 -64.49 7.44 6.64 15.24 0 Leaf
157.32 -74.96 -74.84 5.0 7.96 5.8 0 Petiole
174.94 -75.12 -77.29 17.46 18.92 32.39 0 Leaf
153.54 -61.99 -63.17 13.82 12.12 10.51 0 Leaf
162.29 -67.66 -75.63 6.5 3.98 8.98 0 Petiole
205.59 72.86 -67.92 99.49 57.48 94.17 0 Plant
84.15 84.34 -92.75 130.8 98.23 84.1 0 Plant
-43.74 86.67 -73.84 126.42 101.55 34.09 0 Plant
-118.4 121.19 -92.32 103.63 141.1 91.4 0 Plant
-105.58 -90.86 -92.73 139.28 146.51 103.98 0 Plant
19.86 -68.92 -80.64 96.76 102.09 62.1 0 Plant
142.33 -59.25 -87.72 119.77 81.42 59.61 0 Plant
101.18 -67.99 -86.51 61.57 97.57 97.74 0 Plant
