159.82 -85.55 -65.4 70.58 101.02 50.92 0 Embryonic_leaf
163.05 -80.31 -88.05 9.09 17.84 14.36 0 Petiole
-35.33 -78.74 -64.46 107.71 65.13 62.27 0 Embryonic_leaf
-39.78 -118.83 -71.67 74.39 57.2 25.77 0 Leaf
-35.81 -88.66 -103.63 27.1 14.05 38.17 0 Petiole
159.82 -85.55 -67.59 70.58 101.02 55.29 0 Plant
-35.33 -96.8 -78.02 107.71 101.26 89.39 0 Plant
239.09 -57.79 -54.12 53.35 80.28 72.87 0 Plant
1.92 90.19 -65.47 67.29 140.76 95.65 0 Plant
147.65 89.72 -56.97 69.25 105.03 79.14 0 Plant
-117.57 63.77 -50.38 80.18 146.77 77.83 0 Plant
