189.28 64.22 -93.2 84.68 158.72 67.12 0 Embryonic_leaf
91.15 -33.43 -70.85 62.98 66.1 55.17 0 Embryonic_leaf
33.39 -84.71 -75.87 59.52 125.56 65.78 0 Embryonic_leaf
0.64 -28.1 -55.85 75.07 92.76 74.08 0 Embryonic_leaf
74.16 102.55 -46.04 88.56 88.71 81.13 0 Embryonic_leaf
-217.64 65.54 -65.81 77.61 54.67 72.87 0 Embryonic_leaf
-140.95 77.59 -68.39 79.01 83.98 74.98 0 Embryonic_leaf
-82.06 83.59 -54.28 60.54 103.97 59.7 0 Embryonic_leaf
-49.79 113.54 -64.09 101.98 102.68 68.87 0 Embryonic_leaf
12.06 84.35 -50.86 80.67 66.96 68.05 0 Embryonic_leaf
-76.19 -50.81 -72.87 108.8 72.68 66.91 0 Embryonic_leaf
189.28 64.22 -93.2 84.68 158.72 67.12 0 Plant
91.15 -33.43 -70.85 62.98 66.1 55.17 0 Plant
33.39 -84.71 -75.87 59.52 125.56 65.78 0 Plant
0.64 -28.1 -55.85 75.07 92.76 74.08 0 Plant
74.16 102.55 -46.04 88.56 88.71 81.13 0 Plant
-217.64 65.54 -65.81 77.61 54.67 72.87 0 Plant
-140.95 77.59 -68.39 79.01 83.98 74.98 0 Plant
-82.06 83.59 -54.28 60.54 103.97 59.7 0 Plant
-49.79 113.54 -64.09 101.98 102.68 68.87 0 Plant
12.06 84.35 -50.86 80.67 66.96 68.05 0 Plant
-76.19 -50.81 -72.87 108.8 72.68 66.91 0 Plant
