236.83 -129.79 -80.43 48.32 67.42 29.13 0 Embryonic_leaf
236.53 -137.39 -90.5 5.17 9.7 6.16 0 Petiole
60.43 -108.57 -101.95 55.17 46.61 34.74 0 Embryonic_leaf
63.7 -109.49 -108.48 12.34 7.49 9.44 0 Petiole
-29.16 -98.08 -70.79 49.69 83.57 53.39 0 Embryonic_leaf
-27.93 -106.91 -92.22 3.5 9.99 6.49 0 Petiole
-121.26 -109.57 -94.21 85.75 45.94 29.39 0 Embryonic_leaf
-117.73 -109.1 -111.75 17.49 5.59 20.65 0 Petiole
-84.17 63.25 -83.42 78.31 49.32 28.04 0 Embryonic_leaf
-83.75 62.51 -97.42 11.38 6.59 7.54 0 Petiole
163.3 56.34 -72.47 71.97 39.51 29.54 0 Embryonic_leaf
172.79 49.91 -85.04 17.38 4.0 11.91 0 Petiole
229.22 54.68 -83.57 43.57 33.07 31.88 0 Embryonic_leaf
230.35 49.91 -96.1 6.52 2.66 9.42 0 Petiole
236.83 -129.79 -80.43 48.32 67.42 29.13 0 Plant
60.43 -108.57 -101.95 55.17 46.61 34.74 0 Plant
-29.16 -98.08 -70.79 49.69 83.57 53.39 0 Plant
-121.26 -109.57 -100.79 85.75 45.94 42.55 0 Plant
-84.17 63.25 -85.3 78.31 49.32 31.8 0 Plant
163.3 56.34 -74.35 71.97 39.51 33.29 0 Plant
229.22 54.68 -84.22 43.57 33.07 33.18 0 Plant
115.91 -120.61 -98.84 23.93 34.07 29.99 0 Plant
-151.2 -99.11 -104.88 60.34 53.52 33.93 0 Plant
-20.14 62.23 -91.99 64.07 67.26 39.1 0 Plant
30.5 50.91 -88.55 61.65 76.57 33.27 0 Plant
