-134.87 -86.43 -92.73 40.64 114.18 63.25 0 Embryonic_leaf
-149.51 -71.36 -50.58 11.65 4.38 15.11 0 Petiole
-109.45 -55.23 -7.29 79.57 47.8 92.82 0 Leaf
-206.15 -34.45 -19.66 96.67 72.09 98.02 0 Leaf
-96.36 53.06 -102.66 53.86 97.09 52.03 0 Embryonic_leaf
-117.88 65.59 -64.49 62.33 79.66 59.2 0 Leaf
-96.9 58.99 -56.94 18.25 8.06 18.12 0 Petiole
-75.65 55.34 -58.22 12.23 2.07 18.9 0 Petiole
-28.44 72.05 -28.29 105.86 112.05 35.97 0 Leaf
14.73 98.04 -96.63 102.04 34.85 23.4 0 Embryonic_leaf
17.35 103.84 -70.54 5.32 11.28 27.64 0 Petiole
28.33 74.43 -60.43 32.2 47.7 18.6 0 Leaf
8.29 148.57 -44.09 105.69 82.32 55.22 0 Leaf
104.66 -85.71 -93.11 98.63 55.87 49.45 0 Embryonic_leaf
102.09 -88.22 -53.44 13.04 4.38 25.79 0 Petiole
152.7 -90.3 -21.25 112.96 95.58 55.41 0 Leaf
82.88 -129.52 -62.27 62.75 49.24 46.52 0 Leaf
92.37 -101.37 -58.44 7.31 24.56 14.05 0 Petiole
192.94 64.97 -82.57 83.78 46.56 38.73 0 Leaf
189.13 95.83 -114.75 102.09 65.8 42.99 0 Embryonic_leaf
97.74 -97.5 -50.85 4.19 12.39 10.31 0 Leaf
177.02 104.73 -68.87 16.15 25.44 41.99 0 Petiole
152.01 148.65 -42.23 126.55 96.91 75.38 0 Leaf
187.95 79.03 -77.73 4.46 9.63 11.24 0 Petiole
186.38 90.63 -96.63 3.77 3.45 9.33 0 Stem
186.22 90.24 -84.37 4.52 3.98 11.68 0 Leaf
-88.45 54.14 -57.43 11.15 8.96 21.39 0 Leaf
-162.08 -70.96 -42.62 184.82 145.11 163.48 0 Plant
-62.28 66.29 -69.49 173.54 123.56 118.37 0 Plant
10.6 120.15 -62.41 110.31 139.14 91.85 0 Plant
130.34 -98.33 -55.69 157.67 111.63 124.3 0 Plant
164.46 119.39 -70.39 151.44 155.41 131.7 0 Plant
