-101.37 -72.06 -65.24 181.21 78.32 72.81 0 Embryonic_leaf
-118.78 -58.7 -31.33 101.75 92.75 30.52 0 Leaf
-96.59 -111.22 -52.35 61.42 53.1 40.12 0 Leaf
-85.14 -80.03 -63.55 14.88 6.64 25.52 0 Petiole
61.93 -59.45 -57.41 171.2 92.92 65.04 0 Embryonic_leaf
52.11 -95.29 -26.13 103.67 58.41 46.89 0 Leaf
66.3 -41.86 -55.05 35.07 35.18 16.86 0 Leaf
7.13 81.7 -58.17 161.45 67.25 31.96 0 Embryonic_leaf
6.46 39.45 -50.92 91.13 74.34 37.94 0 Leaf
9.22 93.68 -58.32 21.97 18.96 15.02 0 Leaf
22.42 78.04 -68.55 27.38 6.44 18.99 0 Petiole
8.39 69.72 -64.48 3.64 16.73 18.6 0 Petiole
-11.16 86.74 -67.99 13.38 6.98 11.3 0 Petiole
194.48 115.11 -59.79 126.89 84.96 30.15 0 Embryonic_leaf
215.64 111.77 -57.39 47.03 43.19 36.9 0 Leaf
45.09 -56.13 -55.46 6.05 3.98 11.86 0 Petiole
81.11 -64.26 -72.89 26.71 4.98 17.19 0 Petiole
64.99 -62.11 -72.11 4.55 10.62 16.43 0 Petiole
196.69 94.04 -70.83 17.01 2.99 18.76 0 Petiole
-101.37 -75.05 -58.85 181.21 125.45 85.58 0 Plant
61.93 -68.74 -46.31 171.2 111.51 87.24 0 Plant
7.13 58.8 -55.0 161.45 113.04 46.09 0 Plant
194.48 115.11 -59.57 126.89 84.96 41.27 0 Plant
