144.34 63.96 -99.3 105.47 78.02 37.51 0 Embryonic_leaf
141.01 62.07 -58.07 25.25 24.89 21.56 0 Leaf
186.7 110.48 -65.39 72.97 71.69 38.11 0 Leaf
160.53 82.24 -75.27 18.24 16.27 14.04 0 Petiole
148.01 70.85 -76.77 4.47 7.33 11.93 0 Petiole
103.32 51.92 -84.8 27.13 120.12 42.89 0 Embryonic_leaf
105.29 50.19 -97.67 1.37 3.33 12.67 0 Stem
2.09 101.51 -71.34 67.64 115.32 46.99 0 Embryonic_leaf
-74.72 81.22 -58.69 70.21 66.74 31.16 0 Leaf
-31.07 82.16 -71.41 23.06 4.62 13.13 0 Petiole
-14.28 91.41 -62.09 11.62 14.21 31.02 0 Leaf
-115.94 59.96 -96.63 95.92 84.69 34.59 0 Embryonic_leaf
-152.49 98.97 -60.29 66.78 62.68 23.77 0 Leaf
-109.52 46.63 -59.35 25.83 26.01 21.15 0 Leaf
-126.88 70.63 -72.35 15.23 15.34 15.52 0 Petiole
17.03 -71.41 -94.09 130.88 59.35 47.67 0 Embryonic_leaf
23.07 -67.94 -58.46 31.51 22.28 15.3 0 Leaf
34.73 -96.41 -65.95 17.97 17.34 22.42 0 Leaf
-116.18 59.8 -77.02 7.08 7.67 11.32 0 Petiole
21.08 -90.02 -67.4 4.78 6.45 8.21 0 Petiole
14.69 -82.85 -63.89 5.37 7.11 8.64 0 Petiole
-109.89 -84.28 -43.39 11.29 18.4 13.76 0 Leaf
-113.15 -75.07 -53.31 0.94 2.67 5.91 0 Petiole
132.1 -82.26 -84.52 79.56 95.73 30.87 0 Embryonic_leaf
96.78 -111.31 -62.94 60.36 50.22 35.78 0 Leaf
108.94 -100.98 -65.18 9.72 14.3 16.89 0 Petiole
114.59 -93.46 -65.42 9.65 9.33 21.03 0 Leaf
101.77 41.07 -72.65 6.99 4.23 14.76 0 Leaf
-118.48 -59.07 -64.11 122.86 93.36 32.16 0 Embryonic_leaf
157.39 85.64 -82.19 131.58 121.37 71.72 0 Plant
103.32 51.92 -84.8 27.13 120.12 42.89 0 Plant
-36.96 101.51 -68.98 145.75 115.32 51.72 0 Plant
-126.93 73.97 -81.17 117.9 112.7 65.52 0 Plant
17.03 -73.41 -84.37 130.88 63.35 67.11 0 Plant
-118.48 -59.07 -58.35 122.86 93.36 43.68 0 Plant
119.24 -85.41 -72.5 105.28 102.03 54.9 0 Plant
