172.83 82.4 -79.82 104.6 91.65 19.54 0 Embryonic_leaf
143.48 124.23 -67.28 69.49 71.32 33.8 0 Leaf
169.48 88.28 -70.56 23.32 31.41 20.39 0 Petiole
190.87 69.76 -57.8 30.42 26.95 21.52 0 Leaf
179.0 -90.91 -77.26 48.79 114.32 28.09 0 Embryonic_leaf
222.72 -67.36 -55.52 57.94 46.77 32.57 0 Leaf
192.08 -81.3 -63.21 32.0 9.11 18.56 0 Petiole
-48.75 83.71 -83.6 93.85 99.05 20.43 0 Embryonic_leaf
-84.11 114.97 -69.48 67.49 69.69 37.51 0 Leaf
-56.23 86.57 -71.41 24.32 28.0 16.83 0 Petiole
-29.75 64.94 -53.58 33.57 37.92 32.3 0 Leaf
-45.39 -28.95 -70.82 81.69 60.92 36.22 0 Leaf
-30.02 -68.8 -71.42 16.09 38.11 17.73 0 Petiole
-41.35 -64.97 -94.54 108.28 57.77 35.57 0 Embryonic_leaf
-18.91 -99.29 -57.81 41.61 32.22 28.75 0 Leaf
54.47 88.73 -90.96 69.08 76.99 28.35 0 Embryonic_leaf
64.46 66.9 -70.09 13.82 11.33 11.43 0 Petiole
48.74 86.46 -58.9 29.17 27.77 15.1 0 Leaf
85.89 50.39 -50.71 70.62 71.62 26.68 0 Leaf
76.76 -82.1 -84.47 80.4 103.6 31.01 0 Embryonic_leaf
45.98 -100.43 -66.29 23.93 24.62 15.39 0 Petiole
27.92 -118.29 -64.2 58.86 76.88 46.74 0 Leaf
72.23 -83.08 -51.62 21.77 16.66 16.67 0 Leaf
166.93 98.23 -68.32 116.4 123.32 42.54 0 Plant
203.15 -90.91 -65.27 97.09 114.32 52.08 0 Plant
-59.84 92.0 -65.62 116.03 115.63 56.39 0 Plant
-41.35 -56.95 -77.88 108.28 116.91 68.89 0 Plant
70.57 70.9 -71.25 101.27 112.65 67.76 0 Plant
57.73 -93.52 -70.4 118.47 126.43 59.15 0 Plant
