181.22 107.05 -66.92 69.1 69.6 60.98 0 Leaf
120.79 50.63 -64.61 35.91 48.36 30.83 0 Leaf
141.78 47.75 -96.48 60.2 89.08 55.47 0 Embryonic_leaf
167.41 85.25 -67.92 29.64 33.96 17.65 0 Petiole
144.72 61.54 -68.92 14.38 15.93 17.35 0 Petiole
32.27 49.13 -103.06 39.78 129.01 50.32 0 Embryonic_leaf
68.82 52.24 -75.24 44.99 78.32 53.09 0 Leaf
48.13 42.71 -68.96 18.64 4.65 18.95 0 Petiole
30.5 54.75 -64.09 27.77 23.4 23.68 0 Leaf
-93.96 -78.96 -83.65 112.39 41.45 50.22 0 Embryonic_leaf
-108.92 -111.63 -57.29 48.29 30.54 28.85 0 Leaf
-105.0 -64.8 -50.31 44.89 17.98 22.07 0 Leaf
80.56 -67.2 -79.64 46.24 112.77 49.18 0 Embryonic_leaf
66.14 -51.28 -53.08 26.62 26.5 13.2 0 Leaf
99.96 -80.1 -53.62 22.68 19.25 25.35 0 Leaf
80.01 -72.5 -44.42 7.3 5.39 11.09 0 Leaf
-76.19 59.92 -90.42 62.86 74.91 61.21 0 Embryonic_leaf
-104.97 -100.46 -52.13 1.7 5.53 4.47 0 Petiole
-99.62 -77.18 -55.18 8.41 10.49 8.68 0 Petiole
87.24 -74.29 -54.46 6.84 3.49 8.36 0 Petiole
76.94 -64.19 -58.05 6.01 5.94 9.64 0 Petiole
82.25 -74.12 -53.96 3.87 3.48 3.69 0 Petiole
-102.47 -86.44 -49.82 14.36 13.2 19.27 0 Leaf
-76.22 56.72 -52.77 6.28 6.99 8.37 0 Leaf
82.35 -66.86 -54.92 5.8 4.72 8.83 0 Leaf
159.3 72.53 -80.32 112.94 138.64 87.77 0 Plant
51.84 49.13 -88.46 78.93 129.01 79.53 0 Plant
-93.96 -91.35 -74.02 112.39 71.09 69.49 0 Plant
82.06 -67.2 -71.56 58.47 112.77 65.36 0 Plant
-76.19 59.92 -84.8 62.86 74.91 72.44 0 Plant
