-98.56 75.23 -63.27 85.12 174.05 73.29 0 Embryonic_leaf
-148.53 72.85 -30.38 89.71 85.59 44.44 0 Leaf
-87.29 95.02 -49.78 42.06 45.04 19.88 0 Leaf
-101.14 61.44 -69.64 25.64 17.7 31.56 0 Petiole
-12.52 62.84 -80.46 109.34 137.99 36.41 0 Embryonic_leaf
-35.01 43.88 -13.65 94.2 79.42 48.73 0 Leaf
-11.76 99.22 -37.91 63.26 46.13 29.29 0 Leaf
-13.29 63.54 -74.53 9.97 11.28 23.79 0 Petiole
-111.89 -108.81 -86.7 139.22 152.45 43.54 0 Embryonic_leaf
-123.89 -147.42 -60.84 115.46 87.63 51.49 0 Leaf
-128.63 -98.53 -26.39 61.41 63.28 43.16 0 Leaf
-21.49 -91.58 -73.59 115.29 175.49 33.51 0 Embryonic_leaf
-65.24 -112.46 -1.25 93.23 85.41 60.41 0 Leaf
-33.84 -85.91 -23.24 28.56 38.05 40.46 0 Leaf
-21.86 -91.11 -46.77 4.3 4.65 18.8 0 Petiole
14.39 -55.67 -0.53 71.39 79.52 51.41 0 Leaf
-86.59 -22.08 -30.6 91.52 91.85 51.21 0 Leaf
108.58 -111.69 -59.65 80.83 141.38 31.82 0 Embryonic_leaf
71.11 -108.97 -16.22 81.58 89.06 35.8 0 Leaf
112.78 -116.67 -73.26 3.91 17.26 13.34 0 Petiole
129.74 -83.81 -39.31 48.01 39.16 36.82 0 Leaf
95.66 76.98 -66.3 124.15 184.85 28.15 0 Embryonic_leaf
106.27 125.6 -15.18 70.82 79.65 44.82 0 Leaf
51.1 70.68 -20.95 60.64 76.66 37.49 0 Leaf
210.37 80.9 -74.01 167.73 58.61 45.99 0 Embryonic_leaf
216.05 51.66 -15.42 90.64 70.89 60.57 0 Leaf
207.02 102.18 -48.6 52.79 39.77 22.19 0 Leaf
165.42 -29.27 -59.76 69.53 125.23 33.88 0 Embryonic_leaf
150.28 -45.65 -81.33 55.1 55.75 62.73 0 Leaf
203.79 -64.7 -43.83 48.57 61.99 45.31 0 Leaf
178.72 -47.47 -77.39 27.98 36.17 23.52 0 Petiole
80.58 73.11 -51.99 17.68 10.07 25.72 0 Petiole
94.05 82.46 -59.93 0.0 0.0 0.0 0 Petiole
99.74 67.59 -43.0 7.3 8.76 5.54 0 Leaf
111.55 -104.39 -64.83 15.34 12.61 27.59 0 Leaf
179.36 -52.78 -78.41 8.86 8.3 9.97 0 Leaf
-17.41 -92.77 -40.83 3.18 2.66 9.82 0 Petiole
-6.78 -80.71 -46.92 1.3 0.66 1.55 0 Petiole
-124.7 75.23 -54.04 137.39 174.05 91.75 0 Plant
-19.98 62.84 -43.97 124.25 137.99 109.38 0 Plant
-111.23 -83.7 -56.64 140.79 215.08 103.67 0 Plant
-30.89 -91.58 -30.69 161.94 175.49 119.29 0 Plant
92.03 -111.69 -39.12 123.42 141.38 81.61 0 Plant
89.26 76.98 -36.57 136.96 184.85 87.6 0 Plant
210.37 69.14 -41.07 167.73 105.85 111.87 0 Plant
175.4 -31.18 -66.93 105.34 129.03 91.52 0 Plant
