230.13 -117.9 -68.11 77.15 94.64 48.41 0 Embryonic_leaf
231.59 -131.23 -82.57 13.76 21.33 15.43 0 Petiole
-53.96 -92.74 -58.77 101.3 116.97 57.32 0 Embryonic_leaf
-105.29 83.54 -58.59 71.14 69.13 66.9 0 Embryonic_leaf
27.95 75.38 -63.52 92.52 110.64 43.1 0 Embryonic_leaf
31.83 65.13 -82.6 14.87 21.49 23.54 0 Petiole
-28.98 94.87 -59.62 66.71 110.3 65.14 0 Embryonic_leaf
230.13 -117.9 -68.11 77.15 94.64 48.41 0 Plant
-53.96 -92.74 -58.77 101.3 116.97 57.32 0 Plant
-105.29 83.54 -58.59 71.14 69.13 66.9 0 Plant
27.95 75.38 -68.17 92.52 110.64 52.4 0 Plant
-28.98 94.87 -59.62 66.71 110.3 65.14 0 Plant
238.86 77.05 -68.13 79.65 52.65 58.83 0 Plant
157.63 54.39 -55.83 101.26 107.3 57.65 0 Plant
109.46 -122.98 -75.37 57.55 36.82 41.16 0 Plant
-157.61 -107.74 -100.0 110.67 170.95 34.24 0 Plant
-135.48 -92.47 -76.93 109.84 65.53 96.73 0 Plant
