-143.85 -87.61 -98.68 23.3 41.1 41.76 0 Embryonic_leaf
-90.6 -78.71 -86.72 45.23 49.96 41.03 0 Embryonic_leaf
140.07 -90.03 -78.6 43.29 40.63 37.94 0 Embryonic_leaf
195.86 -107.85 -81.02 42.54 31.64 32.2 0 Embryonic_leaf
-151.86 84.16 -92.1 42.77 34.64 46.6 0 Embryonic_leaf
-104.57 86.99 -73.34 49.52 53.62 43.89 0 Embryonic_leaf
-25.3 58.51 -90.6 29.43 27.31 32.52 0 Embryonic_leaf
215.59 64.14 -78.0 43.63 47.36 40.59 0 Embryonic_leaf
37.8 62.72 -83.01 31.91 18.4 31.74 0 Embryonic_leaf
126.48 67.84 -73.54 24.11 25.98 31.15 0 Embryonic_leaf
9.95 -113.35 -105.58 23.76 23.31 22.84 0 Embryonic_leaf
-143.85 -87.61 -98.68 23.3 41.1 41.76 0 Plant
-90.6 -78.71 -86.72 45.23 49.96 41.03 0 Plant
140.07 -90.03 -78.6 43.29 40.63 37.94 0 Plant
195.86 -107.85 -81.02 42.54 31.64 32.2 0 Plant
-151.86 84.16 -92.1 42.77 34.64 46.6 0 Plant
-104.57 86.99 -73.34 49.52 53.62 43.89 0 Plant
-25.3 58.51 -90.6 29.43 27.31 32.52 0 Plant
215.59 64.14 -78.0 43.63 47.36 40.59 0 Plant
37.8 62.72 -83.01 31.91 18.4 31.74 0 Plant
126.48 67.84 -73.54 24.11 25.98 31.15 0 Plant
9.95 -113.35 -105.58 23.76 23.31 22.84 0 Plant
