195.88 68.1 -88.65 62.84 86.72 24.76 0 Embryonic_leaf
84.74 -54.56 -85.85 36.66 50.65 51.2 0 Embryonic_leaf
-208.99 61.73 -76.82 65.24 41.98 41.84 0 Embryonic_leaf
-163.26 -77.05 -87.53 92.28 45.65 19.93 0 Embryonic_leaf
-64.49 -69.66 -80.82 71.19 48.43 33.7 0 Embryonic_leaf
-62.74 -78.33 -100.86 11.16 4.0 25.4 0 Petiole
-16.56 -69.99 -91.14 46.18 95.75 27.51 0 Embryonic_leaf
18.17 -73.78 -94.84 31.42 78.84 32.86 0 Embryonic_leaf
91.62 80.27 -81.03 87.88 55.74 39.59 0 Embryonic_leaf
91.47 71.61 -96.06 13.56 5.78 17.96 0 Petiole
-131.54 67.06 -83.79 73.28 60.64 26.89 0 Embryonic_leaf
-133.9 53.15 -93.6 7.41 1.38 7.74 0 Petiole
-124.94 57.1 -91.79 25.12 17.26 28.91 0 Leaf
-63.5 58.45 -85.36 65.49 70.07 40.12 0 Embryonic_leaf
9.74 64.73 -94.45 82.81 61.31 29.06 0 Embryonic_leaf
-32.09 82.85 -80.26 63.3 69.04 39.91 0 Embryonic_leaf
195.88 68.1 -88.65 62.84 86.72 24.76 0 Plant
84.74 -54.56 -85.85 36.66 50.65 51.2 0 Plant
-208.99 61.73 -76.82 65.24 41.98 41.84 0 Plant
-163.26 -77.05 -87.53 92.28 45.65 19.93 0 Plant
-64.49 -69.66 -88.76 71.19 48.43 49.58 0 Plant
-16.56 -69.99 -91.14 46.18 95.75 27.51 0 Plant
18.17 -73.78 -94.84 31.42 78.84 32.86 0 Plant
91.62 80.27 -83.14 87.88 55.74 43.81 0 Plant
-131.54 67.06 -88.3 73.28 60.64 35.91 0 Plant
-63.5 58.45 -85.36 65.49 70.07 40.12 0 Plant
9.74 64.73 -94.45 82.81 61.31 29.06 0 Plant
