218.17 72.29 -73.69 13.83 14.66 20.9 0 Leaf
224.9 79.86 -73.69 54.42 47.51 42.09 0 Embryonic_leaf
146.2 80.45 -81.64 7.02 7.0 12.21 0 Leaf
144.92 85.62 -80.1 78.46 57.32 29.56 0 Embryonic_leaf
95.81 72.62 -76.08 9.3 10.0 17.95 0 Leaf
98.6 74.4 -78.26 95.65 44.21 31.41 0 Embryonic_leaf
-161.09 93.12 -92.75 47.15 33.14 59.31 0 Embryonic_leaf
-71.01 63.09 -62.01 28.02 33.06 40.81 0 Leaf
-58.51 75.46 -69.71 87.13 60.99 41.4 0 Embryonic_leaf
13.99 67.29 -79.17 7.44 8.66 19.6 0 Leaf
11.21 75.19 -76.22 70.74 45.34 45.54 0 Embryonic_leaf
60.19 81.08 -90.82 59.96 53.57 31.97 0 Embryonic_leaf
-120.63 47.48 -68.79 31.19 33.7 22.74 0 Leaf
-117.55 62.08 -66.75 77.28 40.9 48.44 0 Embryonic_leaf
-148.55 -102.67 -78.26 10.62 14.0 29.45 0 Leaf
-155.41 -88.74 -75.66 47.15 64.5 48.74 0 Embryonic_leaf
-60.9 -106.24 -102.93 67.67 62.83 15.21 0 Embryonic_leaf
-83.39 -113.75 -54.92 36.48 18.49 35.12 0 Leaf
-86.51 -105.25 -65.82 107.23 44.83 40.66 0 Embryonic_leaf
38.84 -94.13 -64.6 35.34 35.59 24.44 0 Leaf
39.72 -113.91 -68.07 97.72 44.82 41.73 0 Embryonic_leaf
109.05 -107.0 -72.88 18.43 18.66 23.89 0 Leaf
107.25 -108.61 -75.75 71.31 68.77 37.11 0 Embryonic_leaf
148.72 -85.95 -77.32 13.28 8.78 19.33 0 Leaf
148.17 -79.89 -68.01 60.48 52.43 49.84 0 Embryonic_leaf
206.94 -90.34 -71.62 6.5 6.67 12.73 0 Leaf
196.71 -85.67 -75.03 51.82 74.65 30.96 0 Embryonic_leaf
224.9 79.86 -73.69 54.42 47.51 42.09 0 Plant
144.92 85.62 -80.1 78.46 57.32 29.56 0 Plant
98.6 74.4 -78.26 95.65 44.21 31.41 0 Plant
-161.09 93.12 -92.75 47.15 33.14 59.31 0 Plant
-58.51 75.46 -66.01 87.13 60.99 48.81 0 Plant
11.21 75.19 -76.22 70.74 45.34 45.54 0 Plant
60.19 81.08 -90.82 59.96 53.57 31.97 0 Plant
-117.55 56.58 -66.75 77.28 51.89 48.44 0 Plant
-155.41 -88.74 -75.66 47.15 64.5 48.74 0 Plant
-60.9 -106.24 -102.93 67.67 62.83 15.21 0 Plant
-86.51 -105.25 -61.75 107.23 44.83 48.79 0 Plant
39.72 -106.33 -68.07 97.72 59.98 41.73 0 Plant
107.25 -108.61 -75.75 71.31 68.77 37.11 0 Plant
148.17 -79.89 -68.01 60.48 52.43 49.84 0 Plant
196.71 -85.67 -75.03 51.82 74.65 30.96 0 Plant
