-40.71 -99.58 -107.05 13.9 22.89 15.09 0 Embryonic_leaf
-67.96 -95.32 -88.2 50.77 47.4 27.81 0 Leaf
-46.36 -105.37 -107.34 4.33 1.33 9.65 0 Stem
-50.13 -101.71 -97.62 11.31 11.32 7.67 0 Petiole
86.62 -105.37 -90.6 27.87 26.65 22.57 0 Embryonic_leaf
80.95 -95.38 -81.94 42.08 33.31 25.25 0 Leaf
160.92 -108.7 -83.64 16.92 11.99 11.93 0 Embryonic_leaf
161.14 -90.21 -60.95 37.54 35.64 27.07 0 Leaf
223.53 39.52 -90.9 21.88 12.66 13.13 0 Embryonic_leaf
210.28 46.8 -88.38 35.69 57.87 37.12 0 Leaf
217.16 38.18 -83.4 10.86 12.66 10.6 0 Petiole
111.08 87.14 -78.69 32.93 27.98 20.83 0 Leaf
117.54 70.45 -93.97 12.95 9.4 9.08 0 Embryonic_leaf
56.17 80.65 -85.58 27.36 33.64 31.79 0 Leaf
61.44 72.34 -104.04 22.19 14.96 11.88 0 Embryonic_leaf
218.9 -103.04 -86.07 8.17 9.99 5.49 0 Embryonic_leaf
202.97 -77.06 -78.0 28.02 40.63 14.32 0 Leaf
-121.53 81.44 -108.54 20.09 17.18 10.33 0 Embryonic_leaf
-125.25 89.48 -93.62 19.56 27.31 19.08 0 Leaf
-171.91 95.07 -113.31 19.85 13.46 15.4 0 Embryonic_leaf
-188.8 106.46 -101.29 29.65 21.32 18.53 0 Leaf
-63.55 -95.32 -94.44 59.58 47.4 40.29 0 Plant
80.95 -98.71 -85.6 42.08 39.97 32.57 0 Plant
161.14 -93.55 -68.51 37.54 42.3 42.19 0 Plant
213.45 46.8 -88.38 42.04 57.87 37.12 0 Plant
111.08 83.44 -83.39 32.93 35.38 30.24 0 Plant
57.51 80.65 -89.83 30.05 33.64 40.3 0 Plant
205.97 -82.39 -79.83 34.02 51.29 17.98 0 Plant
-123.26 87.99 -98.89 23.55 30.28 29.63 0 Plant
-182.81 102.73 -106.52 41.63 28.78 28.99 0 Plant
