194.27 41.58 -83.4 50.65 18.39 40.95 0 Embryonic_leaf
198.13 -81.4 -87.57 54.85 15.43 31.84 0 Embryonic_leaf
134.34 51.48 -86.78 59.49 22.56 35.7 0 Embryonic_leaf
32.92 46.62 -93.55 36.71 53.8 29.46 0 Embryonic_leaf
68.46 -67.01 -88.61 39.49 34.06 30.25 0 Embryonic_leaf
125.81 -94.01 -91.61 31.19 44.68 48.13 0 Embryonic_leaf
14.98 -93.41 -91.05 58.21 16.73 40.48 0 Embryonic_leaf
-34.07 55.2 -90.59 14.86 64.62 38.15 0 Embryonic_leaf
-143.11 47.53 -89.41 45.32 53.3 30.19 0 Embryonic_leaf
-207.47 -85.24 -92.6 51.02 42.24 28.24 0 Embryonic_leaf
-51.02 -101.7 -95.49 53.64 27.98 35.36 0 Embryonic_leaf
85.74 40.99 -91.59 12.0 14.9 32.18 0 Embryonic_leaf
-76.85 -69.46 -98.91 42.14 31.31 25.17 0 Embryonic_leaf
-105.05 -69.22 -88.2 42.17 24.32 29.55 0 Embryonic_leaf
-126.35 -93.64 -87.49 17.49 60.09 30.27 0 Embryonic_leaf
-82.34 36.83 -92.94 23.72 34.55 37.84 0 Embryonic_leaf
-74.91 43.68 -89.8 49.38 38.36 31.86 0 Embryonic_leaf
194.27 41.58 -83.4 50.65 18.39 40.95 0 Plant
198.13 -81.4 -87.57 54.85 15.43 31.84 0 Plant
134.34 51.48 -86.78 59.49 22.56 35.7 0 Plant
32.92 46.62 -93.55 36.71 53.8 29.46 0 Plant
68.46 -67.01 -88.61 39.49 34.06 30.25 0 Plant
125.81 -94.01 -91.61 31.19 44.68 48.13 0 Plant
14.98 -93.41 -91.05 58.21 16.73 40.48 0 Plant
-34.07 55.2 -90.59 14.86 64.62 38.15 0 Plant
-143.11 47.53 -89.41 45.32 53.3 30.19 0 Plant
-207.47 -85.24 -92.6 51.02 42.24 28.24 0 Plant
-51.02 -101.7 -95.49 53.64 27.98 35.36 0 Plant
85.74 40.99 -91.59 12.0 14.9 32.18 0 Plant
-76.85 -69.46 -98.91 42.14 31.31 25.17 0 Plant
-105.05 -69.22 -88.2 42.17 24.32 29.55 0 Plant
-126.35 -93.64 -87.49 17.49 60.09 30.27 0 Plant
-82.34 36.83 -92.94 23.72 34.55 37.84 0 Plant
-74.91 43.68 -89.8 49.38 38.36 31.86 0 Plant
