-44.77 -86.99 -111.54 103.72 58.34 51.85 0 Embryonic_leaf
-37.48 -88.33 -107.48 22.03 7.79 14.72 0 Petiole
162.65 -88.94 -85.63 48.34 94.34 17.75 0 Embryonic_leaf
166.7 -91.05 -98.6 9.28 16.96 12.23 0 Petiole
-44.77 -86.99 -111.54 103.72 58.34 51.85 0 Plant
162.65 -88.94 -90.73 48.34 94.34 27.95 0 Plant
234.78 -71.89 -89.43 30.53 60.43 37.14 0 Plant
-92.07 -35.11 -117.16 36.1 42.39 19.95 0 Plant
-61.55 78.07 -101.47 33.41 63.12 38.31 0 Plant
-182.66 85.78 -101.07 47.14 90.64 32.06 0 Plant
-120.78 84.18 -77.03 81.2 83.39 59.68 0 Plant
3.84 76.9 -93.96 67.93 81.86 36.05 0 Plant
135.47 47.11 -93.95 43.85 93.11 35.56 0 Plant
92.58 78.21 -81.7 42.32 91.45 53.37 0 Plant
54.79 76.54 -89.55 53.41 101.42 38.16 0 Plant
