-180.24 53.61 -72.96 64.13 67.19 55.27 0 Embryonic_leaf
-91.42 63.99 -93.57 69.25 46.72 19.11 0 Embryonic_leaf
63.79 75.96 -77.6 87.2 58.69 45.8 0 Embryonic_leaf
190.3 -51.08 -86.04 57.51 69.36 34.67 0 Embryonic_leaf
-111.84 -91.79 -70.87 45.19 95.72 55.59 0 Embryonic_leaf
-26.21 -83.77 -91.77 32.18 50.56 24.86 0 Embryonic_leaf
162.71 75.23 -84.05 73.45 77.17 20.8 0 Embryonic_leaf
97.54 -71.7 -75.5 87.8 49.41 28.63 0 Embryonic_leaf
32.53 -88.33 -62.01 88.26 68.04 46.32 0 Embryonic_leaf
-172.44 -74.12 -90.27 38.27 52.55 35.22 0 Embryonic_leaf
-180.24 53.61 -72.96 64.13 67.19 55.27 0 Plant
-91.42 63.99 -93.57 69.25 46.72 19.11 0 Plant
63.79 75.96 -77.6 87.2 58.69 45.8 0 Plant
190.3 -51.08 -86.04 57.51 69.36 34.67 0 Plant
-111.84 -91.79 -70.87 45.19 95.72 55.59 0 Plant
-26.21 -83.77 -91.77 32.18 50.56 24.86 0 Plant
162.71 75.23 -84.05 73.45 77.17 20.8 0 Plant
97.54 -71.7 -75.5 87.8 49.41 28.63 0 Plant
32.53 -88.33 -62.01 88.26 68.04 46.32 0 Plant
-172.44 -74.12 -90.27 38.27 52.55 35.22 0 Plant
