175.94 83.69 -45.7 131.05 99.99 74.8 0 Embryonic_leaf
187.72 64.87 -73.24 12.33 14.63 13.11 0 Petiole
127.77 -108.82 -55.61 70.96 104.25 67.85 0 Embryonic_leaf
120.65 -113.62 -91.39 8.49 16.0 12.06 0 Petiole
185.97 36.06 -60.92 39.05 52.59 36.93 0 Leaf
113.67 -130.11 -87.85 27.08 16.54 17.83 0 Leaf
175.94 71.72 -45.7 131.05 123.92 74.8 0 Plant
127.77 -108.82 -59.56 70.96 104.25 75.73 0 Plant
240.15 -131.2 -69.89 71.54 137.15 33.43 0 Plant
42.72 64.66 -68.16 124.85 153.47 95.76 0 Plant
-96.36 79.81 -63.58 122.89 109.08 68.81 0 Plant
-15.85 -97.36 -53.53 123.55 205.26 69.99 0 Plant
-135.02 -91.93 -62.27 153.43 93.04 73.68 0 Plant
