-43.68 -81.21 -80.74 162.4 78.05 34.45 0 Embryonic_leaf
-27.96 -127.23 -68.33 79.69 53.98 70.49 0 Leaf
-35.6 -88.2 -96.58 48.22 14.67 24.03 0 Petiole
-121.43 68.24 -66.8 97.35 166.31 51.07 0 Embryonic_leaf
-104.62 54.17 -81.55 3.56 11.34 9.02 0 Petiole
-95.41 89.91 -48.29 69.43 68.34 20.38 0 Leaf
18.03 61.91 -99.75 90.59 155.65 85.93 0 Embryonic_leaf
1.5 109.7 -52.44 72.07 75.47 38.99 0 Leaf
15.95 79.74 -80.55 7.81 16.66 22.29 0 Petiole
32.21 64.05 -68.65 32.36 36.6 23.26 0 Leaf
17.69 70.74 -88.57 9.73 8.67 16.12 0 Petiole
15.87 67.18 -125.64 15.76 6.67 33.27 0 Stem
-118.22 71.25 -128.6 3.38 5.47 16.22 0 Stem
-35.68 -79.4 -87.16 17.04 17.66 17.71 0 Leaf
-37.25 -92.88 -104.37 8.25 9.3 10.84 0 Petiole
-43.68 -98.2 -71.44 162.4 112.03 76.71 0 Plant
-115.4 68.24 -87.4 109.41 166.31 98.61 0 Plant
14.4 65.76 -87.83 97.86 163.35 109.76 0 Plant
140.84 84.74 -56.62 89.63 132.65 74.92 0 Plant
239.31 -24.58 -66.51 65.23 91.32 60.76 0 Plant
166.96 -92.23 -76.58 80.86 142.65 44.35 0 Plant
