222.99 58.22 -84.65 25.92 15.32 17.21 0 Embryonic_leaf
175.29 64.36 -92.28 28.68 12.37 18.93 0 Embryonic_leaf
78.63 -93.19 -106.76 27.1 13.06 23.59 0 Embryonic_leaf
-18.6 -97.03 -97.0 48.63 38.04 32.59 0 Embryonic_leaf
-107.04 47.76 -106.65 21.51 20.25 33.78 0 Embryonic_leaf
-162.78 82.38 -93.5 20.22 28.29 27.56 0 Embryonic_leaf
-179.76 -108.43 -94.39 30.43 36.64 29.81 0 Embryonic_leaf
-141.6 -89.05 -92.04 31.77 50.08 42.03 0 Embryonic_leaf
212.19 -118.31 -93.37 20.25 40.63 18.34 0 Embryonic_leaf
-97.0 -87.44 -96.89 37.52 34.64 46.97 0 Embryonic_leaf
-44.41 85.15 -96.43 21.81 24.07 36.75 0 Embryonic_leaf
25.12 71.43 -93.56 28.27 23.54 18.77 0 Embryonic_leaf
67.85 60.22 -103.83 27.37 9.99 22.23 0 Embryonic_leaf
-180.56 62.46 -100.99 21.67 17.32 19.35 0 Embryonic_leaf
-168.5 55.02 -95.21 26.1 21.72 35.81 0 Embryonic_leaf
222.99 58.22 -84.65 25.92 15.32 17.21 0 Plant
175.29 64.36 -92.28 28.68 12.37 18.93 0 Plant
78.63 -93.19 -106.76 27.1 13.06 23.59 0 Plant
-18.6 -97.03 -97.0 48.63 38.04 32.59 0 Plant
-107.04 47.76 -106.65 21.51 20.25 33.78 0 Plant
-162.78 82.38 -93.5 20.22 28.29 27.56 0 Plant
-179.76 -108.43 -94.39 30.43 36.64 29.81 0 Plant
-141.6 -89.05 -92.04 31.77 50.08 42.03 0 Plant
212.19 -118.31 -93.37 20.25 40.63 18.34 0 Plant
-97.0 -87.44 -96.89 37.52 34.64 46.97 0 Plant
-44.41 85.15 -96.43 21.81 24.07 36.75 0 Plant
25.12 71.43 -93.56 28.27 23.54 18.77 0 Plant
67.85 60.22 -103.83 27.37 9.99 22.23 0 Plant
-180.56 62.46 -100.99 21.67 17.32 19.35 0 Plant
-168.5 55.02 -95.21 26.1 21.72 35.81 0 Plant
