197.62 74.68 -90.06 52.8 90.31 19.54 0 Embryonic_leaf
259.84 114.0 -31.23 77.92 69.02 64.35 0 Leaf
180.26 90.78 -49.69 45.24 61.93 19.59 0 Leaf
211.54 73.02 -70.63 15.01 6.4 12.09 0 Petiole
39.36 80.7 -71.17 83.85 99.11 14.37 0 Embryonic_leaf
47.26 133.39 -33.49 92.98 97.8 114.15 0 Leaf
26.62 70.91 -22.05 69.61 50.64 72.39 0 Leaf
-99.7 49.02 -93.99 88.63 89.09 27.72 0 Embryonic_leaf
-107.52 57.68 -55.94 69.07 53.08 39.01 0 Leaf
-66.93 118.5 -47.24 116.46 100.03 49.97 0 Leaf
-85.87 69.35 -65.97 16.87 20.4 23.57 0 Petiole
-85.73 -106.23 -68.02 112.84 58.68 17.72 0 Embryonic_leaf
-89.62 -17.01 -8.44 88.97 99.74 78.74 0 Leaf
-76.46 -114.7 -31.57 27.79 27.61 28.26 0 Leaf
-144.34 -89.55 -6.42 68.07 62.03 122.94 0 Leaf
-100.88 -89.89 -35.96 50.44 54.01 51.63 0 Petiole
87.96 -89.39 -88.72 105.64 56.36 17.69 0 Embryonic_leaf
98.02 -60.55 -24.72 105.16 59.35 60.93 0 Leaf
85.9 -103.23 -27.62 55.54 30.01 69.07 0 Leaf
192.68 -165.58 -28.08 101.29 62.68 63.23 0 Leaf
206.61 -85.22 -51.93 80.86 67.35 48.46 0 Leaf
242.1 -121.9 -82.15 49.36 32.68 7.98 0 Embryonic_leaf
212.67 -128.57 -61.5 7.85 16.67 17.12 0 Petiole
228.22 89.01 -49.44 141.16 118.98 100.77 0 Plant
42.78 106.71 -33.49 101.94 151.15 114.15 0 Plant
-76.36 86.49 -65.05 135.31 164.04 85.61 0 Plant
-103.84 -51.36 -10.91 149.06 168.42 131.94 0 Plant
92.87 -74.55 -45.32 115.46 87.36 104.48 0 Plant
204.4 -124.23 -41.3 124.74 145.37 89.68 0 Plant
