213.71 110.4 -52.63 67.82 103.03 71.61 0 Embryonic_leaf
98.73 -66.85 -69.22 101.03 85.16 51.47 0 Embryonic_leaf
7.79 -74.83 -78.44 70.38 71.84 63.29 0 Embryonic_leaf
-69.43 -96.45 -55.87 77.73 41.91 73.41 0 Embryonic_leaf
-136.24 -56.2 -47.49 62.88 90.47 54.23 0 Embryonic_leaf
-137.42 71.86 -57.54 73.39 73.84 49.47 0 Embryonic_leaf
66.16 87.13 -54.48 56.19 72.57 97.79 0 Embryonic_leaf
-215.09 -70.87 -61.11 73.66 81.1 69.88 0 Embryonic_leaf
-37.06 57.4 -70.26 43.46 38.37 56.15 0 Embryonic_leaf
125.7 76.35 -75.69 55.53 52.89 76.72 0 Embryonic_leaf
-108.5 50.38 -92.2 27.34 39.52 31.69 0 Embryonic_leaf
213.71 110.4 -52.63 67.82 103.03 71.61 0 Plant
98.73 -66.85 -69.22 101.03 85.16 51.47 0 Plant
7.79 -74.83 -78.44 70.38 71.84 63.29 0 Plant
-69.43 -96.45 -55.87 77.73 41.91 73.41 0 Plant
-136.24 -56.2 -47.49 62.88 90.47 54.23 0 Plant
-137.42 71.86 -57.54 73.39 73.84 49.47 0 Plant
66.16 87.13 -54.48 56.19 72.57 97.79 0 Plant
-215.09 -70.87 -61.11 73.66 81.1 69.88 0 Plant
-37.06 57.4 -70.26 43.46 38.37 56.15 0 Plant
125.7 76.35 -75.69 55.53 52.89 76.72 0 Plant
-108.5 50.38 -92.2 27.34 39.52 31.69 0 Plant
