-45.5 -84.84 -68.23 38.86 52.9 37.46 0 Embryonic_leaf
74.06 -109.32 -75.52 56.15 40.58 55.64 0 Embryonic_leaf
158.24 -107.49 -101.1 30.22 32.92 35.27 0 Embryonic_leaf
209.9 -102.94 -97.94 40.35 39.36 43.29 0 Embryonic_leaf
85.21 46.23 -83.37 44.69 35.23 40.08 0 Embryonic_leaf
-40.29 30.52 -88.01 45.99 53.49 41.28 0 Embryonic_leaf
-118.2 37.23 -89.78 34.8 41.89 38.64 0 Embryonic_leaf
-157.24 48.93 -89.68 40.17 25.98 22.84 0 Embryonic_leaf
194.92 45.67 -102.25 32.61 19.68 57.12 0 Embryonic_leaf
157.3 57.59 -78.48 49.16 49.97 41.24 0 Embryonic_leaf
45.79 32.38 -95.49 19.6 20.29 18.74 0 Embryonic_leaf
-45.5 -84.84 -68.23 38.86 52.9 37.46 0 Plant
74.06 -109.32 -75.52 56.15 40.58 55.64 0 Plant
158.24 -107.49 -101.1 30.22 32.92 35.27 0 Plant
209.9 -102.94 -97.94 40.35 39.36 43.29 0 Plant
85.21 46.23 -83.37 44.69 35.23 40.08 0 Plant
-40.29 30.52 -88.01 45.99 53.49 41.28 0 Plant
-118.2 37.23 -89.78 34.8 41.89 38.64 0 Plant
-157.24 48.93 -89.68 40.17 25.98 22.84 0 Plant
194.92 45.67 -102.25 32.61 19.68 57.12 0 Plant
157.3 57.59 -78.48 49.16 49.97 41.24 0 Plant
45.79 32.38 -95.49 19.6 20.29 18.74 0 Plant
