219.97 -100.88 -80.11 41.24 44.65 47.62 0 Embryonic_leaf
173.9 -103.55 -83.5 50.25 33.99 36.08 0 Embryonic_leaf
-9.88 -70.63 -57.8 44.94 101.16 53.89 0 Embryonic_leaf
12.06 -68.22 -46.75 34.03 36.66 36.79 0 Leaf
-72.13 -86.03 -62.59 48.38 103.95 49.01 0 Embryonic_leaf
-90.84 -93.71 -62.78 38.87 26.99 19.19 0 Leaf
-73.65 -100.66 -76.87 1.42 1.11 5.25 0 Petiole
-134.2 -93.63 -86.11 41.02 53.82 34.77 0 Embryonic_leaf
-131.5 -100.44 -84.69 5.87 7.78 15.14 0 Leaf
-204.67 -91.39 -75.67 74.88 89.35 37.74 0 Embryonic_leaf
-211.18 -91.55 -70.54 27.09 25.99 16.97 0 Leaf
-199.16 -103.02 -83.08 4.32 1.71 4.15 0 Petiole
-210.12 76.82 -89.33 61.49 85.72 29.95 0 Embryonic_leaf
-208.97 77.07 -80.42 23.18 23.33 18.66 0 Leaf
-199.87 67.08 -93.63 4.82 2.0 5.64 0 Petiole
-152.7 61.19 -59.92 91.63 55.1 56.78 0 Embryonic_leaf
-147.41 71.02 -67.74 15.04 16.78 17.12 0 Leaf
-143.86 63.74 -79.73 0.45 3.33 4.96 0 Petiole
-77.77 62.69 -71.24 60.8 55.88 34.24 0 Embryonic_leaf
-73.62 51.35 -63.97 28.23 13.21 28.86 0 Leaf
-89.96 85.35 -80.23 92.61 53.44 42.92 0 Embryonic_leaf
-90.06 93.52 -85.61 40.7 29.56 37.29 0 Leaf
-86.65 78.35 -82.63 3.19 5.89 7.04 0 Petiole
-8.5 104.84 -45.95 48.03 101.08 53.2 0 Embryonic_leaf
-5.94 97.6 -47.05 42.05 35.52 35.14 0 Leaf
37.2 87.4 -55.43 43.81 117.3 38.3 0 Embryonic_leaf
52.1 99.97 -51.19 29.78 18.67 21.56 0 Leaf
123.03 69.07 -64.72 95.27 43.32 44.03 0 Embryonic_leaf
113.19 58.63 -57.34 23.44 15.77 22.52 0 Leaf
184.93 99.57 -57.3 35.25 49.65 44.97 0 Embryonic_leaf
219.97 -100.88 -80.11 41.24 44.65 47.62 0 Plant
173.9 -103.55 -83.5 50.25 33.99 36.08 0 Plant
-1.64 -70.63 -56.55 61.42 101.16 56.38 0 Plant
-79.11 -86.03 -62.59 62.34 103.95 49.01 0 Plant
-134.2 -93.63 -86.11 41.02 53.82 34.77 0 Plant
-204.67 -91.39 -75.67 74.88 89.35 37.74 0 Plant
-210.12 76.82 -87.7 61.49 85.72 33.21 0 Plant
-152.7 61.19 -59.92 91.63 55.1 56.78 0 Plant
-77.77 62.69 -68.95 60.8 55.88 38.82 0 Plant
-89.96 85.35 -81.52 92.61 53.44 45.49 0 Plant
-8.5 104.84 -45.95 48.03 101.08 53.2 0 Plant
41.14 87.4 -55.43 51.69 117.3 38.3 0 Plant
123.03 69.07 -64.72 95.27 43.32 44.03 0 Plant
184.93 99.57 -57.3 35.25 49.65 44.97 0 Plant
