219.65 -106.18 -80.87 83.65 40.74 26.87 0 Embryonic_leaf
218.68 -120.22 -63.47 8.68 28.66 26.42 0 Petiole
214.81 -149.69 -45.12 77.3 51.04 57.6 0 Leaf
94.02 -93.72 -92.02 98.67 67.0 15.49 0 Embryonic_leaf
118.15 -60.42 -58.1 59.11 44.28 49.47 0 Leaf
101.01 -91.35 -77.39 7.76 4.91 14.48 0 Petiole
-81.28 -101.38 -77.95 120.81 53.0 37.45 0 Embryonic_leaf
-101.9 -82.94 -18.42 116.19 77.45 46.54 0 Leaf
-62.0 -48.89 -42.2 79.16 61.99 39.07 0 Leaf
-72.92 -86.56 -50.63 1.94 6.67 6.97 0 Petiole
-100.3 50.13 -89.6 83.83 92.73 21.3 0 Embryonic_leaf
-89.59 69.62 -72.33 13.84 29.73 26.89 0 Petiole
-83.07 121.63 -43.0 100.99 68.42 59.46 0 Leaf
30.78 73.19 -73.96 85.25 92.85 15.87 0 Embryonic_leaf
42.66 78.51 -71.4 5.73 6.17 9.58 0 Petiole
50.8 128.85 -49.57 70.23 73.98 44.15 0 Leaf
30.83 71.09 -53.47 25.41 30.0 24.67 0 Leaf
193.67 79.42 -82.03 59.46 71.99 28.12 0 Embryonic_leaf
237.61 92.75 -47.17 39.52 53.33 55.9 0 Leaf
218.81 -130.51 -55.31 85.32 89.4 77.98 0 Plant
96.2 -82.75 -66.56 103.02 88.94 66.4 0 Plant
-90.43 -72.89 -45.91 139.12 109.99 101.53 0 Plant
-87.39 79.8 -56.76 109.64 152.08 86.99 0 Plant
37.04 96.3 -54.7 97.76 139.08 54.4 0 Plant
210.65 81.42 -57.66 93.44 75.99 76.87 0 Plant
