133.23 -83.13 -91.15 49.53 84.36 21.42 0 Embryonic_leaf
105.19 -56.71 -50.36 117.68 101.35 54.84 0 Leaf
126.86 -78.03 -70.66 25.39 23.73 35.52 0 Petiole
131.82 74.04 -75.17 89.66 87.13 56.66 0 Leaf
132.91 57.23 -99.01 20.6 17.21 33.62 0 Petiole
39.56 65.23 -75.66 94.04 82.35 38.18 0 Embryonic_leaf
48.09 50.98 -100.27 1.81 3.32 11.44 0 Stem
64.49 86.31 -14.43 123.43 132.64 51.37 0 Leaf
49.91 72.53 -30.81 10.73 45.17 49.7 0 Petiole
49.16 63.0 -42.31 8.97 7.08 11.61 0 Leaf
-0.5 -90.28 -81.57 54.67 99.27 41.69 0 Embryonic_leaf
-17.93 -106.16 -21.1 159.57 172.38 76.51 0 Leaf
-13.75 -114.21 -34.09 42.37 42.99 52.54 0 Petiole
-18.39 -89.1 -31.73 43.91 44.53 37.66 0 Leaf
-4.87 -103.67 -70.27 5.5 8.63 7.96 0 Stem
-187.5 -80.16 -121.36 71.21 114.18 64.15 0 Embryonic_leaf
-168.4 -89.96 -66.31 15.26 20.25 13.1 0 Petiole
-162.42 -56.13 -20.79 142.44 95.86 163.42 0 Leaf
-34.9 27.23 -77.31 48.73 93.22 36.98 0 Embryonic_leaf
-27.4 48.0 -98.83 3.49 3.98 12.57 0 Stem
-45.93 71.21 -35.63 40.33 35.81 47.92 0 Petiole
-41.82 57.93 -36.56 12.38 14.64 27.15 0 Leaf
-74.88 99.77 -25.31 148.52 82.3 96.78 0 Leaf
-11.14 110.02 53.41 49.01 36.51 52.0 0 Leaf
-124.34 43.0 -83.41 72.62 33.89 21.16 0 Embryonic_leaf
-147.36 47.96 -59.11 29.96 18.59 41.67 0 Petiole
-155.26 68.53 -24.58 139.45 87.63 95.31 0 Leaf
105.19 -65.67 -62.4 117.68 119.27 78.92 0 Plant
131.82 74.04 -81.32 89.66 87.13 68.98 0 Plant
59.37 86.31 -47.37 133.67 132.64 117.25 0 Plant
-17.93 -106.16 -42.63 159.57 172.38 119.57 0 Plant
-162.42 -72.73 -46.25 142.44 129.05 214.35 0 Plant
-67.88 60.77 -12.85 162.51 160.3 184.53 0 Plant
-155.26 68.53 -35.46 139.45 87.63 117.06 0 Plant
