-146.28 -108.87 -50.26 145.28 109.14 74.5 0 Embryonic_leaf
-125.17 -104.83 -89.13 13.52 9.86 25.36 0 Petiole
-128.22 -116.1 -53.3 41.38 21.34 33.09 0 Leaf
-131.79 -61.69 -33.88 85.08 75.47 19.79 0 Leaf
-146.28 -93.7 -57.41 145.28 139.48 88.81 0 Plant
240.75 -130.1 -55.05 82.93 112.03 58.56 0 Plant
130.51 -115.13 -63.21 103.49 109.96 65.14 0 Plant
-35.55 -88.64 -28.88 165.72 181.62 77.16 0 Plant
-91.92 95.79 -65.12 152.85 140.54 97.85 0 Plant
40.37 73.77 -34.29 130.01 150.33 130.43 0 Plant
165.5 58.95 -44.59 103.69 122.03 90.61 0 Plant
175.23 56.11 -45.03 123.53 135.04 92.29 0 Plant
