-76.83 67.84 -85.38 68.89 74.78 42.36 0 Embryonic_leaf
141.79 57.95 -88.78 66.11 95.9 40.61 0 Embryonic_leaf
162.24 75.22 -71.46 13.16 18.62 12.32 0 Petiole
169.2 102.06 -60.99 75.14 86.97 57.68 0 Leaf
84.26 -66.18 -71.35 48.06 123.37 56.1 0 Embryonic_leaf
75.8 -59.35 -54.17 10.45 14.53 16.01 0 Leaf
-91.43 -74.63 -76.9 128.93 45.11 45.6 0 Embryonic_leaf
-104.62 -89.52 -56.77 38.87 54.01 15.85 0 Leaf
-92.87 -86.71 -56.23 21.98 14.06 6.23 0 Petiole
38.75 62.37 -100.87 40.81 121.72 43.91 0 Embryonic_leaf
65.55 66.05 -58.55 50.52 49.62 23.17 0 Leaf
42.17 49.71 -71.67 19.94 7.05 14.83 0 Petiole
150.31 63.9 -67.65 5.69 4.0 11.12 0 Petiole
-76.83 67.84 -85.38 68.89 74.78 42.36 0 Plant
157.75 77.77 -70.62 98.04 135.55 76.94 0 Plant
84.26 -66.18 -71.35 48.06 123.37 56.1 0 Plant
-91.43 -84.3 -74.27 128.93 64.44 50.86 0 Plant
54.58 62.37 -84.89 72.47 121.72 75.87 0 Plant
