69.15 59.27 -88.11 61.28 42.38 19.53 0 Embryonic_leaf
-166.94 43.55 -90.22 53.64 42.35 25.71 0 Embryonic_leaf
196.21 -83.08 -94.91 36.05 64.61 18.24 0 Embryonic_leaf
-107.91 -99.07 -74.65 23.98 52.62 29.39 0 Embryonic_leaf
88.15 -75.46 -82.22 54.96 36.04 19.92 0 Embryonic_leaf
166.57 70.89 -103.39 25.95 22.98 11.09 0 Embryonic_leaf
-100.3 60.14 -94.31 25.86 13.99 28.87 0 Embryonic_leaf
34.95 -93.39 -72.69 45.0 41.75 41.18 0 Embryonic_leaf
160.44 77.62 -84.1 19.61 16.32 26.46 0 Leaf
-167.3 -87.18 -88.11 35.75 13.32 28.74 0 Embryonic_leaf
99.22 -80.42 -102.23 4.64 6.0 13.6 0 Stem
161.45 69.2 -102.32 5.14 1.46 25.69 0 Stem
69.15 59.27 -88.11 61.28 42.38 19.53 0 Plant
-166.94 43.55 -90.22 53.64 42.35 25.71 0 Plant
196.21 -83.08 -94.91 36.05 64.61 18.24 0 Plant
-107.91 -99.07 -74.65 23.98 52.62 29.39 0 Plant
88.15 -75.46 -90.65 54.96 36.04 36.78 0 Plant
165.09 72.59 -93.02 28.9 26.39 44.29 0 Plant
-100.3 60.14 -94.31 25.86 13.99 28.87 0 Plant
34.95 -93.39 -72.69 45.0 41.75 41.18 0 Plant
-167.3 -87.18 -88.11 35.75 13.32 28.74 0 Plant
