215.13 -92.27 -73.85 74.94 70.68 94.44 0 Embryonic_leaf
148.09 -100.95 -77.64 69.35 102.97 68.62 0 Embryonic_leaf
82.27 -116.2 -52.53 80.64 61.49 103.89 0 Embryonic_leaf
11.42 -95.27 -52.83 67.95 64.68 74.69 0 Embryonic_leaf
-60.31 -75.6 -43.61 80.89 81.34 85.68 0 Embryonic_leaf
-141.66 -91.61 -56.61 64.79 50.67 62.84 0 Embryonic_leaf
-195.53 -134.01 -83.77 28.09 36.0 53.23 0 Embryonic_leaf
79.67 48.56 -59.85 73.27 54.2 77.12 0 Embryonic_leaf
39.79 83.08 -81.03 69.38 52.01 56.05 0 Embryonic_leaf
-46.78 58.8 -47.21 59.5 76.57 104.25 0 Embryonic_leaf
205.86 48.07 -74.06 61.5 56.2 57.05 0 Embryonic_leaf
153.8 62.14 -52.88 78.14 113.9 79.0 0 Embryonic_leaf
-206.96 27.41 -55.61 58.83 44.67 64.36 0 Embryonic_leaf
-153.22 61.41 -58.28 62.94 51.34 77.73 0 Embryonic_leaf
-128.14 25.63 -77.33 88.67 53.12 59.48 0 Embryonic_leaf
215.13 -92.27 -73.85 74.94 70.68 94.44 0 Plant
148.09 -100.95 -77.64 69.35 102.97 68.62 0 Plant
82.27 -116.2 -52.53 80.64 61.49 103.89 0 Plant
11.42 -95.27 -52.83 67.95 64.68 74.69 0 Plant
-60.31 -75.6 -43.61 80.89 81.34 85.68 0 Plant
-141.66 -91.61 -56.61 64.79 50.67 62.84 0 Plant
-195.53 -134.01 -83.77 28.09 36.0 53.23 0 Plant
79.67 48.56 -59.85 73.27 54.2 77.12 0 Plant
39.79 83.08 -81.03 69.38 52.01 56.05 0 Plant
-46.78 58.8 -47.21 59.5 76.57 104.25 0 Plant
205.86 48.07 -74.06 61.5 56.2 57.05 0 Plant
153.8 62.14 -52.88 78.14 113.9 79.0 0 Plant
-206.96 27.41 -55.61 58.83 44.67 64.36 0 Plant
-153.22 61.41 -58.28 62.94 51.34 77.73 0 Plant
-128.14 25.63 -77.33 88.67 53.12 59.48 0 Plant
