-215.14 -73.16 -100.97 37.05 47.98 41.68 0 Embryonic_leaf
-173.05 -92.99 -91.2 46.52 53.65 39.96 0 Embryonic_leaf
-85.02 -98.32 -88.59 38.55 44.32 38.98 0 Embryonic_leaf
-51.41 -102.63 -96.97 49.74 70.92 33.19 0 Embryonic_leaf
-10.62 -77.91 -79.31 55.07 48.81 39.23 0 Embryonic_leaf
206.15 81.87 -80.48 35.46 59.5 49.73 0 Embryonic_leaf
-180.81 46.45 -106.19 24.88 33.99 29.56 0 Embryonic_leaf
-136.22 51.88 -100.72 62.78 27.14 49.49 0 Embryonic_leaf
-137.2 22.46 -103.02 61.64 24.66 29.64 0 Embryonic_leaf
-77.15 65.28 -104.38 44.79 45.65 38.29 0 Embryonic_leaf
-37.17 62.78 -95.78 30.6 53.31 59.55 0 Embryonic_leaf
9.22 44.62 -94.47 29.0 50.31 37.26 0 Embryonic_leaf
33.93 45.07 -100.33 43.63 41.52 32.62 0 Embryonic_leaf
88.62 55.28 -82.56 77.04 33.65 46.62 0 Embryonic_leaf
92.59 -94.03 -82.83 68.79 31.76 40.68 0 Embryonic_leaf
127.69 -98.98 -120.36 19.31 57.55 8.97 0 Embryonic_leaf
108.27 -104.97 -114.5 33.3 66.73 14.37 0 Embryonic_leaf
38.68 -117.96 -114.62 28.58 16.28 25.2 0 Embryonic_leaf
53.25 -102.82 -121.34 47.46 27.32 8.15 0 Embryonic_leaf
54.32 -75.33 -110.55 27.4 34.31 17.83 0 Embryonic_leaf
-215.14 -73.16 -100.97 37.05 47.98 41.68 0 Plant
-173.05 -92.99 -91.2 46.52 53.65 39.96 0 Plant
-85.02 -98.32 -88.59 38.55 44.32 38.98 0 Plant
-51.41 -102.63 -96.97 49.74 70.92 33.19 0 Plant
-10.62 -77.91 -79.31 55.07 48.81 39.23 0 Plant
206.15 81.87 -80.48 35.46 59.5 49.73 0 Plant
-180.81 46.45 -106.19 24.88 33.99 29.56 0 Plant
-136.22 51.88 -100.72 62.78 27.14 49.49 0 Plant
-137.2 22.46 -103.02 61.64 24.66 29.64 0 Plant
-77.15 65.28 -104.38 44.79 45.65 38.29 0 Plant
-37.17 62.78 -95.78 30.6 53.31 59.55 0 Plant
9.22 44.62 -94.47 29.0 50.31 37.26 0 Plant
33.93 45.07 -100.33 43.63 41.52 32.62 0 Plant
88.62 55.28 -82.56 77.04 33.65 46.62 0 Plant
92.59 -94.03 -82.83 68.79 31.76 40.68 0 Plant
127.69 -98.98 -120.36 19.31 57.55 8.97 0 Plant
108.27 -104.97 -114.5 33.3 66.73 14.37 0 Plant
38.68 -117.96 -114.62 28.58 16.28 25.2 0 Plant
53.25 -102.82 -121.34 47.46 27.32 8.15 0 Plant
54.32 -75.33 -110.55 27.4 34.31 17.83 0 Plant
