-53.94 85.82 -88.47 84.8 102.74 33.82 0 Embryonic_leaf
-101.9 117.35 -64.75 81.9 88.4 34.24 0 Leaf
-28.26 72.69 -36.68 45.2 74.35 47.17 0 Leaf
47.33 85.86 -83.54 75.31 80.12 25.23 0 Embryonic_leaf
33.53 109.87 -48.36 65.66 67.35 20.17 0 Leaf
69.1 51.02 -16.84 75.97 78.35 81.65 0 Leaf
48.07 79.86 -62.94 7.25 10.0 9.61 0 Petiole
172.18 78.59 -84.0 106.04 92.56 15.43 0 Embryonic_leaf
158.91 94.56 -70.06 23.4 23.96 12.67 0 Petiole
135.1 131.54 -62.38 82.37 65.35 45.15 0 Leaf
-49.56 -77.62 -91.06 112.8 61.37 33.57 0 Embryonic_leaf
-53.58 -87.0 -62.24 31.55 74.62 27.97 0 Petiole
-63.68 -24.17 -74.67 85.68 72.69 53.13 0 Leaf
-34.54 -120.61 -54.6 71.19 54.51 28.44 0 Leaf
67.4 -85.68 -91.57 66.52 103.03 42.37 0 Embryonic_leaf
74.2 -75.51 -50.72 53.47 67.35 34.08 0 Leaf
45.81 -110.86 -56.79 31.19 40.68 20.57 0 Petiole
24.11 -132.53 -65.6 77.76 82.69 59.22 0 Leaf
181.91 -89.52 -85.78 61.35 82.02 35.06 0 Embryonic_leaf
218.15 -51.17 -45.27 60.31 57.35 44.69 0 Leaf
163.47 -95.44 -51.03 46.59 63.52 34.11 0 Leaf
191.52 -82.52 -61.72 14.8 5.33 15.7 0 Petiole
202.49 71.19 -38.14 69.34 52.68 56.38 0 Leaf
-53.69 74.01 -47.89 10.39 10.29 23.21 0 Leaf
-53.52 76.78 -70.18 14.16 11.84 11.83 0 Petiole
-74.26 98.0 -59.24 137.2 127.09 92.29 0 Plant
53.89 77.69 -36.08 106.38 131.7 120.14 0 Plant
165.54 98.27 -50.83 143.24 131.9 81.77 0 Plant
-49.84 -67.84 -74.12 113.35 160.04 67.47 0 Plant
43.09 -104.02 -73.22 115.71 139.7 79.08 0 Plant
194.24 -76.51 -63.12 108.13 108.03 80.38 0 Plant
