-65.77 71.51 -72.51 77.03 87.61 52.32 0 Embryonic_leaf
-144.75 71.17 -16.67 103.14 81.61 85.65 0 Leaf
-33.03 144.52 -23.28 107.15 87.78 86.25 0 Leaf
-85.74 87.62 -32.06 41.66 27.37 27.74 0 Leaf
-68.83 10.46 -19.75 70.51 119.84 92.84 0 Petiole
-51.66 88.61 -43.77 13.66 27.12 34.99 0 Petiole
-62.15 74.05 -54.27 8.74 6.0 18.33 0 Petiole
-56.38 69.71 -71.97 1.77 1.33 1.91 0 Stem
143.25 79.05 -80.92 102.95 58.68 13.84 0 Embryonic_leaf
139.22 53.04 -7.21 100.5 62.68 44.62 0 Leaf
149.99 122.73 -47.92 60.64 70.02 28.16 0 Leaf
146.11 93.05 -52.0 1.93 17.34 18.54 0 Petiole
143.99 82.16 -46.9 11.67 8.45 13.86 0 Petiole
178.56 -73.66 -22.91 56.05 88.02 44.96 0 Leaf
95.41 -92.58 -7.13 95.42 48.86 106.24 0 Leaf
144.25 -101.63 -47.58 24.69 6.75 32.41 0 Petiole
171.26 -88.0 -71.66 63.56 98.03 14.13 0 Embryonic_leaf
-75.71 -112.58 -70.69 128.88 59.52 11.21 0 Embryonic_leaf
-113.6 -136.09 17.11 97.35 82.52 129.43 0 Leaf
-67.7 -35.92 -16.89 119.64 88.57 87.86 0 Leaf
-61.69 -111.96 -14.55 56.59 43.6 45.25 0 Leaf
-85.78 -120.34 -23.23 13.09 8.0 26.07 0 Petiole
-69.44 -84.2 -36.35 5.64 13.07 10.9 0 Petiole
-87.89 69.47 -36.0 216.87 237.88 125.34 0 Plant
141.85 89.72 -36.37 105.76 136.04 102.94 0 Plant
127.14 -83.33 -16.37 158.89 107.36 124.71 0 Plant
-85.08 -84.5 2.77 154.4 185.72 158.12 0 Plant
