-93.49 51.2 -68.08 55.24 54.1 49.39 0 Embryonic_leaf
-90.15 60.18 -75.16 8.0 12.04 18.98 0 Petiole
-70.99 85.94 -49.14 53.09 58.21 35.26 0 Leaf
46.65 106.39 -42.0 46.0 44.07 40.89 0 Leaf
22.43 82.31 -57.23 55.48 54.77 51.29 0 Embryonic_leaf
180.11 76.14 -67.2 31.69 75.88 34.55 0 Embryonic_leaf
193.44 82.35 -48.12 25.47 66.9 36.59 0 Leaf
224.32 -104.8 -68.03 66.75 26.43 32.33 0 Embryonic_leaf
212.01 -119.61 -35.38 94.39 56.06 45.55 0 Leaf
-81.36 -99.92 -54.26 97.74 51.56 45.12 0 Embryonic_leaf
-98.02 -114.72 -1.38 83.52 55.41 62.98 0 Leaf
-72.26 -74.47 -42.64 60.46 48.28 22.32 0 Leaf
90.85 -97.27 -65.26 65.02 42.15 48.06 0 Embryonic_leaf
89.37 -69.37 -52.4 48.01 45.22 28.75 0 Leaf
-82.77 69.6 -62.14 76.67 90.9 61.26 0 Plant
32.17 91.68 -52.21 74.96 73.51 61.33 0 Plant
185.22 77.0 -57.15 41.91 77.6 54.66 0 Plant
212.01 -119.61 -48.4 94.39 56.06 71.6 0 Plant
-86.13 -96.38 -23.35 107.3 92.1 106.93 0 Plant
90.85 -82.55 -63.66 65.02 71.58 51.26 0 Plant
