82.28 -70.01 -66.97 63.21 125.14 30.7 0 Embryonic_leaf
-101.87 -80.99 -68.31 134.82 38.06 49.48 0 Embryonic_leaf
-107.77 48.68 -58.63 76.27 132.14 42.25 0 Embryonic_leaf
54.0 44.79 -70.8 71.64 129.22 32.59 0 Embryonic_leaf
138.49 68.65 -76.25 61.5 75.05 28.57 0 Embryonic_leaf
174.97 90.36 -49.1 49.52 55.6 30.61 0 Leaf
60.08 51.54 -60.55 34.95 24.16 25.5 0 Leaf
-106.93 -98.79 -50.21 13.15 13.16 9.53 0 Leaf
82.28 -70.01 -66.97 63.21 125.14 30.7 0 Plant
-101.87 -83.67 -68.31 134.82 43.41 49.48 0 Plant
-107.77 48.68 -58.63 76.27 132.14 42.25 0 Plant
54.0 44.79 -67.45 71.64 129.22 39.3 0 Plant
153.74 74.64 -62.17 92.0 87.04 56.74 0 Plant
