149.02 -84.29 -54.31 200.98 88.28 62.25 0 Embryonic_leaf
165.93 -109.32 -2.69 94.32 94.54 87.03 0 Leaf
123.78 -78.76 -39.19 3.65 2.43 5.55 0 Petiole
111.15 80.32 -64.74 153.27 109.52 37.96 0 Embryonic_leaf
113.16 49.46 -29.89 57.71 53.1 27.67 0 Leaf
122.66 68.54 -54.44 9.34 9.62 20.87 0 Petiole
-53.4 114.03 -76.15 149.88 102.59 64.14 0 Embryonic_leaf
-78.65 123.3 -26.76 73.47 81.31 33.63 0 Leaf
-53.22 101.63 -72.34 46.53 15.4 20.99 0 Petiole
-28.09 -33.01 -114.54 126.41 156.97 76.38 0 Embryonic_leaf
-46.93 98.74 -62.16 17.25 20.91 27.86 0 Leaf
-49.68 -8.03 -59.15 102.82 103.74 33.71 0 Leaf
22.94 -38.99 -73.23 128.49 129.09 46.97 0 Leaf
-14.66 -80.14 -89.9 42.27 27.55 9.6 0 Leaf
8.18 -63.79 -77.0 12.11 12.56 17.32 0 Petiole
-17.86 -67.92 -95.45 4.97 7.49 9.83 0 Petiole
-11.45 -55.32 -72.98 3.35 2.84 9.78 0 Petiole
101.72 -66.87 -26.78 72.76 64.72 22.42 0 Leaf
-43.65 81.32 -44.95 51.51 61.06 38.53 0 Leaf
106.09 115.75 -18.16 98.18 84.79 35.9 0 Leaf
129.9 79.05 -50.16 3.9 5.42 3.54 0 Petiole
12.51 -76.65 -51.39 59.06 73.69 37.23 0 Leaf
-4.41 -64.27 -72.12 6.05 7.08 7.81 0 Petiole
-18.93 -48.7 -90.89 0.86 1.49 1.76 0 Embryonic_leaf
149.02 -95.55 -22.3 200.98 122.08 126.27 0 Plant
111.15 90.52 -41.97 153.27 135.24 83.51 0 Plant
-53.4 108.05 -59.09 149.88 114.54 98.28 0 Plant
-6.95 -34.01 -92.75 188.27 158.97 119.95 0 Plant
