-193.68 54.69 -66.49 33.43 53.83 34.69 0 Embryonic_leaf
-139.92 74.7 -48.98 73.71 72.68 62.79 0 Embryonic_leaf
-107.95 46.69 -85.01 49.03 72.68 27.31 0 Embryonic_leaf
-50.89 65.81 -48.68 48.46 82.91 66.48 0 Embryonic_leaf
215.0 111.8 -37.06 74.37 115.7 101.38 0 Embryonic_leaf
61.02 88.37 -38.3 67.29 82.68 99.61 0 Embryonic_leaf
132.18 85.14 -57.12 72.32 85.57 107.04 0 Embryonic_leaf
-220.94 -61.32 -39.28 59.4 79.34 74.0 0 Embryonic_leaf
-135.09 -58.65 -46.18 67.58 83.34 86.78 0 Embryonic_leaf
-64.89 -88.99 -44.41 75.33 61.34 95.52 0 Embryonic_leaf
17.9 -68.99 -73.35 62.06 96.01 70.13 0 Embryonic_leaf
120.33 -57.65 -56.61 108.76 90.68 83.99 0 Embryonic_leaf
241.96 7.94 -107.75 16.41 22.63 13.15 0 Embryonic_leaf
220.06 -93.34 -107.97 29.6 21.31 10.12 0 Embryonic_leaf
-45.46 4.49 -99.85 29.86 21.6 26.11 0 Embryonic_leaf
-193.68 54.69 -66.49 33.43 53.83 34.69 0 Plant
-139.92 74.7 -48.98 73.71 72.68 62.79 0 Plant
-107.95 46.69 -85.01 49.03 72.68 27.31 0 Plant
-50.89 65.81 -48.68 48.46 82.91 66.48 0 Plant
215.0 111.8 -37.06 74.37 115.7 101.38 0 Plant
61.02 88.37 -38.3 67.29 82.68 99.61 0 Plant
132.18 85.14 -57.12 72.32 85.57 107.04 0 Plant
-220.94 -61.32 -39.28 59.4 79.34 74.0 0 Plant
-135.09 -58.65 -46.18 67.58 83.34 86.78 0 Plant
-64.89 -88.99 -44.41 75.33 61.34 95.52 0 Plant
17.9 -68.99 -73.35 62.06 96.01 70.13 0 Plant
120.33 -57.65 -56.61 108.76 90.68 83.99 0 Plant
241.96 7.94 -107.75 16.41 22.63 13.15 0 Plant
181.32 -111.91 -86.85 31.54 42.86 84.19 0 Plant
220.06 -93.34 -107.97 29.6 21.31 10.12 0 Plant
-45.46 4.49 -99.85 29.86 21.6 26.11 0 Plant
