98.06 -91.31 -48.72 52.21 50.29 55.34 0 Embryonic_leaf
129.02 -42.46 -29.38 89.8 92.89 55.3 0 Leaf
103.45 -73.46 -53.24 17.12 17.73 27.26 0 Petiole
94.54 -83.67 -42.47 18.96 14.49 29.06 0 Leaf
180.83 88.28 -79.65 37.84 54.86 48.21 0 Embryonic_leaf
154.29 134.83 -32.91 53.13 78.19 59.29 0 Leaf
170.67 98.74 -77.17 8.79 16.72 30.84 0 Petiole
-87.19 56.03 -58.12 46.22 92.61 49.17 0 Embryonic_leaf
-43.09 95.31 -15.23 96.5 60.89 75.26 0 Leaf
-79.73 59.85 -58.96 14.73 12.71 30.04 0 Petiole
-104.47 63.25 -55.67 35.32 41.37 37.64 0 Leaf
-129.36 -69.95 -48.18 49.49 98.35 54.24 0 Embryonic_leaf
-116.74 -74.03 -38.83 40.96 31.32 23.57 0 Leaf
-155.86 -78.32 -50.05 35.63 9.37 28.34 0 Petiole
-193.21 -44.75 -28.88 65.42 84.53 87.72 0 Leaf
-139.15 -82.66 -56.15 8.17 3.35 9.36 0 Petiole
35.31 79.63 -56.77 52.89 44.07 58.93 0 Embryonic_leaf
22.69 116.8 -50.85 49.93 58.2 62.76 0 Leaf
24.48 88.08 -71.77 7.7 9.45 16.13 0 Petiole
177.04 93.35 -81.63 18.8 19.31 37.14 0 Petiole
122.94 -56.24 -39.06 101.97 120.43 74.66 0 Plant
163.74 117.39 -53.51 72.03 113.07 100.49 0 Plant
-58.48 67.74 -30.16 127.29 116.02 105.11 0 Plant
-161.09 -60.81 -30.16 129.66 116.64 90.28 0 Plant
29.74 101.75 -52.85 64.03 88.31 66.77 0 Plant
