143.75 -111.23 -70.89 55.52 69.4 82.9 0 Embryonic_leaf
79.65 -122.13 -58.42 58.53 54.82 67.62 0 Embryonic_leaf
92.58 -99.76 -118.83 20.52 27.17 6.7 0 Embryonic_leaf
17.37 -125.86 -66.49 61.69 50.77 55.58 0 Embryonic_leaf
-47.59 -84.93 -66.57 29.92 42.2 30.91 0 Embryonic_leaf
-153.86 -101.81 -70.7 79.29 55.88 59.59 0 Embryonic_leaf
132.47 60.13 -57.79 56.53 76.04 84.19 0 Embryonic_leaf
81.89 39.42 -78.84 84.25 50.95 47.7 0 Embryonic_leaf
31.98 84.0 -68.25 82.89 94.06 61.28 0 Embryonic_leaf
-46.76 64.03 -65.01 61.56 72.23 78.81 0 Embryonic_leaf
-100.9 83.0 -61.37 52.0 100.05 76.14 0 Embryonic_leaf
-203.09 43.88 -71.54 55.81 78.5 65.86 0 Embryonic_leaf
-154.88 39.81 -66.43 53.07 83.99 68.28 0 Embryonic_leaf
143.75 -111.23 -70.89 55.52 69.4 82.9 0 Plant
79.65 -122.13 -58.42 58.53 54.82 67.62 0 Plant
92.58 -99.76 -118.83 20.52 27.17 6.7 0 Plant
17.37 -125.86 -66.49 61.69 50.77 55.58 0 Plant
-47.59 -84.93 -66.57 29.92 42.2 30.91 0 Plant
-153.86 -101.81 -70.7 79.29 55.88 59.59 0 Plant
132.47 60.13 -57.79 56.53 76.04 84.19 0 Plant
81.89 39.42 -78.84 84.25 50.95 47.7 0 Plant
31.98 84.0 -68.25 82.89 94.06 61.28 0 Plant
-46.76 64.03 -65.01 61.56 72.23 78.81 0 Plant
-100.9 83.0 -61.37 52.0 100.05 76.14 0 Plant
-203.09 43.88 -71.54 55.81 78.5 65.86 0 Plant
-154.88 39.81 -66.43 53.07 83.99 68.28 0 Plant
