-44.33 -93.42 -106.71 65.86 41.32 17.41 0 Embryonic_leaf
-37.41 -97.95 -114.89 12.89 9.09 11.8 0 Petiole
165.79 -96.8 -90.91 27.15 61.68 12.98 0 Embryonic_leaf
166.22 -96.57 -96.72 7.82 11.66 6.09 0 Petiole
-120.94 66.13 -81.86 53.23 55.29 39.24 0 Embryonic_leaf
-118.18 59.16 -96.1 11.66 10.2 5.62 0 Petiole
-44.33 -93.42 -109.4 65.86 41.32 22.78 0 Plant
165.79 -96.8 -92.1 27.15 61.68 15.35 0 Plant
-120.94 66.13 -81.86 53.23 55.29 39.24 0 Plant
-180.96 65.37 -103.55 33.46 61.7 26.63 0 Plant
-63.16 68.6 -112.04 19.54 17.05 25.08 0 Plant
7.99 67.99 -96.46 47.23 31.85 29.84 0 Plant
52.45 67.22 -95.82 21.78 19.82 34.01 0 Plant
91.73 63.41 -98.55 59.41 43.41 17.03 0 Plant
130.61 44.15 -103.19 21.97 24.2 19.43 0 Plant
