-21.94 -94.65 -92.58 47.31 48.62 50.48 0 Embryonic_leaf
69.16 61.72 -96.77 41.0 17.77 20.41 0 Embryonic_leaf
176.97 74.14 -91.8 32.38 31.96 22.84 0 Embryonic_leaf
210.65 -108.04 -88.51 25.43 32.49 29.15 0 Embryonic_leaf
-163.71 86.21 -92.5 23.87 40.1 34.12 0 Embryonic_leaf
235.82 66.56 -79.98 28.28 19.46 27.41 0 Embryonic_leaf
29.08 74.61 -84.79 30.09 29.97 34.09 0 Embryonic_leaf
-54.48 95.84 -99.37 27.0 36.28 47.15 0 Embryonic_leaf
-98.04 57.86 -104.7 30.57 28.49 40.93 0 Embryonic_leaf
-184.97 67.88 -98.92 25.26 27.43 22.14 0 Embryonic_leaf
-158.64 64.23 -95.64 47.31 47.9 48.36 0 Embryonic_leaf
-180.85 -99.99 -91.3 29.57 39.32 34.08 0 Embryonic_leaf
75.26 -92.55 -102.15 20.25 16.42 33.9 0 Embryonic_leaf
-97.69 -86.58 -82.06 51.67 36.82 39.12 0 Embryonic_leaf
-138.23 -79.01 -91.16 38.83 57.26 52.81 0 Embryonic_leaf
-21.94 -94.65 -92.58 47.31 48.62 50.48 0 Plant
69.16 61.72 -96.77 41.0 17.77 20.41 0 Plant
176.97 74.14 -91.8 32.38 31.96 22.84 0 Plant
210.65 -108.04 -88.51 25.43 32.49 29.15 0 Plant
-163.71 86.21 -92.5 23.87 40.1 34.12 0 Plant
235.82 66.56 -79.98 28.28 19.46 27.41 0 Plant
29.08 74.61 -84.79 30.09 29.97 34.09 0 Plant
-54.48 95.84 -99.37 27.0 36.28 47.15 0 Plant
-98.04 57.86 -104.7 30.57 28.49 40.93 0 Plant
-184.97 67.88 -98.92 25.26 27.43 22.14 0 Plant
-158.64 64.23 -95.64 47.31 47.9 48.36 0 Plant
-180.85 -99.99 -91.3 29.57 39.32 34.08 0 Plant
75.26 -92.55 -102.15 20.25 16.42 33.9 0 Plant
-97.69 -86.58 -82.06 51.67 36.82 39.12 0 Plant
-138.23 -79.01 -91.16 38.83 57.26 52.81 0 Plant
