-166.63 69.13 -103.16 24.99 21.84 44.02 0 Embryonic_leaf
-114.77 70.74 -96.26 33.74 25.55 37.68 0 Embryonic_leaf
-74.63 73.12 -95.05 33.09 28.79 44.21 0 Embryonic_leaf
11.41 72.12 -93.99 33.92 22.51 29.25 0 Embryonic_leaf
127.4 84.63 -100.71 30.05 24.42 21.95 0 Embryonic_leaf
223.17 83.69 -90.36 24.85 22.32 28.28 0 Embryonic_leaf
199.53 -94.67 -94.31 33.25 29.98 26.55 0 Embryonic_leaf
163.21 -95.0 -85.24 37.94 17.32 30.72 0 Embryonic_leaf
101.98 -116.57 -95.14 39.22 27.15 26.89 0 Embryonic_leaf
44.26 -114.16 -90.89 55.0 24.98 26.16 0 Embryonic_leaf
87.71 77.34 -96.12 33.31 22.57 33.75 0 Embryonic_leaf
62.97 79.52 -98.05 25.12 18.65 21.07 0 Embryonic_leaf
-71.6 -109.41 -115.22 35.43 35.48 14.75 0 Embryonic_leaf
-144.87 -101.67 -104.94 33.27 23.98 34.4 0 Embryonic_leaf
-99.43 -94.09 -92.22 58.6 42.14 49.21 0 Embryonic_leaf
-166.63 69.13 -103.16 24.99 21.84 44.02 0 Plant
-114.77 70.74 -96.26 33.74 25.55 37.68 0 Plant
-74.63 73.12 -95.05 33.09 28.79 44.21 0 Plant
11.41 72.12 -93.99 33.92 22.51 29.25 0 Plant
127.4 84.63 -100.71 30.05 24.42 21.95 0 Plant
223.17 83.69 -90.36 24.85 22.32 28.28 0 Plant
199.53 -94.67 -94.31 33.25 29.98 26.55 0 Plant
163.21 -95.0 -85.24 37.94 17.32 30.72 0 Plant
101.98 -116.57 -95.14 39.22 27.15 26.89 0 Plant
44.26 -114.16 -90.89 55.0 24.98 26.16 0 Plant
87.71 77.34 -96.12 33.31 22.57 33.75 0 Plant
62.97 79.52 -98.05 25.12 18.65 21.07 0 Plant
-71.6 -109.41 -115.22 35.43 35.48 14.75 0 Plant
-144.87 -101.67 -104.94 33.27 23.98 34.4 0 Plant
-99.43 -94.09 -92.22 58.6 42.14 49.21 0 Plant
