152.94 98.73 -69.02 82.67 72.02 45.89 0 Embryonic_leaf
73.3 109.78 -65.33 71.98 91.61 71.45 0 Embryonic_leaf
183.02 -69.11 -77.69 74.93 89.58 40.94 0 Embryonic_leaf
184.76 -83.44 -84.71 15.0 23.61 32.1 0 Petiole
142.59 -95.05 -68.04 115.36 73.34 56.02 0 Embryonic_leaf
133.51 -97.37 -76.8 31.71 14.03 22.12 0 Petiole
38.68 -92.24 -46.73 58.87 83.31 71.63 0 Embryonic_leaf
-29.66 -73.29 -54.25 93.76 83.51 53.3 0 Embryonic_leaf
45.85 -102.91 -69.77 8.42 25.99 18.21 0 Petiole
-21.8 -96.53 -69.3 18.06 9.04 13.06 0 Petiole
-123.4 -60.04 -62.5 69.13 71.34 56.07 0 Embryonic_leaf
-224.79 -69.84 -62.06 79.17 74.94 52.74 0 Embryonic_leaf
-204.15 -85.71 -82.16 21.29 9.33 12.95 0 Petiole
-151.8 90.15 -71.47 54.08 47.67 29.37 0 Embryonic_leaf
-112.22 70.31 -72.93 45.96 34.67 47.19 0 Embryonic_leaf
-32.98 86.84 -56.42 75.51 65.06 47.03 0 Embryonic_leaf
28.03 81.52 -58.05 65.61 64.26 50.64 0 Embryonic_leaf
-31.5 73.98 -81.39 5.56 6.0 7.85 0 Petiole
152.94 98.73 -69.02 82.67 72.02 45.89 0 Plant
73.3 109.78 -65.33 71.98 91.61 71.45 0 Plant
183.02 -69.11 -78.99 74.93 89.58 43.53 0 Plant
142.59 -95.05 -68.04 115.36 73.34 56.02 0 Plant
38.68 -92.24 -46.73 58.87 83.31 71.63 0 Plant
-29.66 -73.29 -54.25 93.76 83.51 53.3 0 Plant
-123.4 -60.04 -62.5 69.13 71.34 56.07 0 Plant
-224.79 -69.84 -62.16 79.17 74.94 52.94 0 Plant
-151.8 90.15 -71.47 54.08 47.67 29.37 0 Plant
-112.22 70.31 -72.93 45.96 34.67 47.19 0 Plant
-32.98 86.84 -59.11 75.51 65.06 52.42 0 Plant
28.03 81.52 -58.05 65.61 64.26 50.64 0 Plant
