103.46 -59.34 -71.15 140.97 76.7 59.68 0 Embryonic_leaf
191.86 113.81 -58.91 75.59 79.61 119.42 0 Embryonic_leaf
-81.88 -82.8 -64.12 95.29 140.84 73.84 0 Embryonic_leaf
63.25 82.7 -53.38 106.77 58.87 68.03 0 Embryonic_leaf
-84.45 69.91 -62.24 45.65 50.18 61.73 0 Embryonic_leaf
103.46 -59.34 -71.15 140.97 76.7 59.68 0 Plant
191.86 113.81 -58.91 75.59 79.61 119.42 0 Plant
-81.88 -82.8 -64.12 95.29 140.84 73.84 0 Plant
63.25 82.7 -53.38 106.77 58.87 68.03 0 Plant
-84.45 69.91 -62.24 45.65 50.18 61.73 0 Plant
