-160.89 -94.45 -101.81 83.31 99.36 31.8 0 Embryonic_leaf
-152.87 -72.0 -64.06 65.4 58.9 25.38 0 Leaf
-75.25 -96.07 -61.35 72.4 141.05 48.81 0 Leaf
-117.01 -110.79 -71.42 49.16 6.67 40.95 0 Petiole
-144.02 46.25 -75.82 91.43 50.01 25.97 0 Embryonic_leaf
-134.02 57.9 -65.06 51.24 31.29 35.63 0 Leaf
-164.25 -14.1 -64.64 106.98 74.69 58.18 0 Leaf
-151.71 19.8 -66.32 21.37 34.9 31.5 0 Petiole
-33.01 31.64 -80.99 49.54 103.47 17.47 0 Embryonic_leaf
-42.74 114.32 -3.59 84.09 53.91 108.1 0 Leaf
-95.95 66.32 -39.15 86.88 85.89 39.45 0 Leaf
-33.65 70.64 -39.63 5.28 32.11 45.41 0 Petiole
-46.48 53.98 -52.34 27.13 5.22 26.73 0 Petiole
144.69 -80.19 -86.18 52.9 86.83 17.5 0 Embryonic_leaf
108.45 -28.69 -56.92 79.42 55.85 34.75 0 Leaf
131.89 -64.99 -76.72 19.12 19.42 23.63 0 Petiole
-16.82 -89.71 -72.71 81.48 126.18 27.28 0 Embryonic_leaf
24.89 -88.19 -19.18 48.95 84.83 71.16 0 Leaf
-18.26 -36.52 5.81 95.05 73.52 72.14 0 Leaf
-8.67 -89.03 -31.56 19.39 32.84 33.56 0 Petiole
10.09 -97.92 -37.17 13.47 3.07 25.64 0 Petiole
38.62 67.58 -70.84 101.19 80.67 26.91 0 Embryonic_leaf
68.18 54.37 -42.45 51.99 48.66 36.73 0 Leaf
32.48 130.99 -15.3 77.03 59.25 45.09 0 Leaf
39.77 84.26 -42.05 10.73 43.35 40.56 0 Petiole
49.7 60.92 -48.4 7.81 3.33 19.8 0 Petiole
137.6 60.95 -119.54 10.8 18.17 14.43 0 Embryonic_leaf
147.66 59.37 -83.72 27.75 43.99 21.56 0 Leaf
116.14 100.93 -67.66 53.47 56.68 29.48 0 Leaf
124.3 74.65 -90.69 6.76 21.22 16.29 0 Petiole
131.75 57.7 -102.22 10.7 4.45 12.44 0 Petiole
142.76 -82.78 -76.35 9.18 17.66 23.54 0 Leaf
119.94 -62.18 -67.24 102.4 122.84 55.38 0 Plant
125.47 83.32 -89.84 72.12 91.9 73.83 0 Plant
-158.02 11.05 -64.64 119.43 124.99 58.18 0 Plant
-120.8 -96.07 -77.33 163.49 141.05 80.76 0 Plant
-70.05 60.59 -19.64 138.69 161.38 140.19 0 Plant
-8.21 -76.28 -22.23 115.15 153.04 128.23 0 Plant
41.1 93.93 -38.53 106.16 133.37 91.54 0 Plant
