154.18 -98.88 -60.46 73.05 144.71 40.31 0 Embryonic_leaf
176.51 -36.53 -16.32 65.51 57.35 48.1 0 Leaf
141.64 -101.02 -25.56 139.31 104.98 47.46 0 Leaf
132.86 -93.54 -51.81 7.37 2.0 8.11 0 Petiole
125.54 -92.04 22.22 68.1 51.01 58.47 0 Leaf
66.06 -87.54 -54.94 69.07 156.71 70.56 0 Embryonic_leaf
59.5 -91.72 -49.74 22.91 27.88 15.07 0 Leaf
53.59 -88.88 -42.45 9.35 16.67 28.46 0 Petiole
28.34 -48.87 -5.07 77.31 76.69 49.34 0 Leaf
68.87 -105.04 -96.5 3.11 7.34 19.23 0 Stem
-95.01 -62.26 -51.62 131.4 85.9 73.46 0 Embryonic_leaf
-90.11 -110.28 -31.77 120.61 103.22 71.86 0 Leaf
-43.13 -55.12 10.67 61.47 66.52 53.15 0 Leaf
-75.75 -76.21 -29.79 1.75 3.06 3.8 0 Petiole
-67.81 -89.99 -30.57 20.22 10.89 14.93 0 Petiole
-87.84 -52.42 -18.45 44.92 40.23 32.3 0 Leaf
-118.11 -21.02 -24.0 65.28 66.13 41.74 0 Leaf
139.2 73.22 -48.08 59.78 150.82 74.32 0 Embryonic_leaf
188.51 83.84 -5.31 54.49 92.69 57.49 0 Leaf
152.58 72.72 -48.73 36.9 7.78 35.68 0 Petiole
153.2 56.7 -32.42 31.47 28.27 9.93 0 Leaf
115.14 67.5 -42.78 15.42 4.0 37.8 0 Petiole
122.15 116.18 6.7 64.62 56.01 45.17 0 Leaf
82.28 68.83 11.89 85.18 94.69 72.6 0 Leaf
135.66 68.83 -43.97 12.37 9.34 24.25 0 Petiole
131.24 74.83 -47.37 3.33 10.67 20.54 0 Petiole
144.99 86.17 -60.52 19.05 22.67 10.94 0 Leaf
26.96 91.17 -43.09 91.71 136.7 76.59 0 Embryonic_leaf
57.18 150.85 -9.12 87.77 73.35 64.46 0 Leaf
47.5 94.84 -23.13 32.09 33.34 36.2 0 Leaf
-3.73 70.69 -2.3 68.54 90.4 64.67 0 Leaf
26.03 70.77 -53.9 18.89 9.47 43.2 0 Petiole
30.4 78.17 -47.88 9.43 6.67 20.2 0 Petiole
-105.86 99.1 -48.83 111.23 98.07 79.73 0 Embryonic_leaf
-122.72 136.5 -17.14 78.6 87.32 45.86 0 Leaf
-88.62 75.68 -83.91 10.68 6.14 31.35 0 Stem
-99.11 87.6 -51.97 22.88 27.81 40.3 0 Petiole
-84.9 64.08 -60.73 3.08 14.68 16.13 0 Petiole
-90.79 93.9 -40.01 15.59 27.89 8.04 0 Leaf
-89.85 80.09 -46.12 2.02 4.55 4.04 0 Petiole
-88.38 73.99 -51.07 5.94 3.81 45.07 0 Petiole
-81.53 38.49 6.11 109.49 62.02 79.18 0 Leaf
-71.56 71.92 10.26 61.82 39.17 62.98 0 Leaf
141.64 -89.54 -14.58 139.31 163.38 132.07 0 Plant
45.14 -87.54 -43.26 110.91 156.71 125.72 0 Plant
-86.55 -74.93 -25.55 148.32 173.94 125.6 0 Plant
127.72 73.22 -18.52 176.06 150.82 133.43 0 Plant
31.53 105.17 -25.68 139.07 164.71 111.42 0 Plant
-94.4 93.82 -26.94 135.23 172.67 145.28 0 Plant
