152.6 82.7 -92.85 90.55 46.46 37.89 0 Embryonic_leaf
115.19 57.81 -9.31 72.49 64.38 65.44 0 Leaf
152.51 103.9 -65.95 36.27 35.92 27.6 0 Leaf
146.1 84.8 -64.93 8.39 13.05 11.7 0 Petiole
138.74 73.4 -63.08 14.19 10.62 25.07 0 Petiole
-55.22 73.26 -84.88 81.39 63.73 76.36 0 Embryonic_leaf
-41.63 148.3 -45.54 115.03 103.32 81.0 0 Leaf
-135.55 41.44 -35.33 97.31 116.6 61.26 0 Leaf
-83.27 65.11 -55.39 45.4 20.58 51.34 0 Petiole
-60.79 88.6 -52.9 9.67 29.07 27.53 0 Petiole
-64.74 75.32 -49.86 8.91 5.83 26.98 0 Petiole
175.09 -89.32 -93.92 65.81 86.07 41.86 0 Embryonic_leaf
149.22 -90.87 -56.98 22.75 5.97 30.08 0 Petiole
166.51 -85.23 -61.65 11.29 7.96 14.4 0 Petiole
186.8 -68.57 -49.68 49.46 55.62 30.19 0 Leaf
98.52 -83.31 -16.6 91.98 57.22 115.5 0 Leaf
-59.4 -108.46 -96.35 106.6 53.1 62.25 0 Embryonic_leaf
-119.83 -127.46 6.01 95.27 100.06 96.17 0 Leaf
-62.56 -39.1 -47.9 100.87 96.24 51.16 0 Leaf
-80.48 -109.46 -37.59 17.84 11.28 53.34 0 Petiole
-69.04 -105.03 -70.23 2.63 5.09 8.01 0 Stem
-69.85 -96.63 -55.92 3.17 17.48 17.34 0 Petiole
-76.7 -95.19 -50.58 11.81 13.27 14.64 0 Petiole
138.41 73.74 -44.19 118.92 96.24 135.21 0 Plant
-84.16 91.55 -63.88 200.09 216.82 118.36 0 Plant
132.03 -86.56 -36.85 159.0 91.6 156.0 0 Plant
-86.78 -84.24 -36.69 161.37 186.51 181.58 0 Plant
