163.35 -96.22 -90.92 41.39 86.78 13.83 0 Embryonic_leaf
169.02 -96.44 -101.17 12.42 13.98 14.26 0 Petiole
-49.58 -89.31 -99.84 80.08 52.99 27.39 0 Embryonic_leaf
-39.59 -93.44 -113.58 18.5 11.99 19.04 0 Petiole
-178.9 81.68 -96.11 44.92 62.59 27.24 0 Embryonic_leaf
-175.11 78.69 -109.47 13.8 7.32 18.6 0 Petiole
163.35 -96.22 -96.15 41.39 86.78 24.3 0 Plant
-49.58 -89.31 -104.62 80.08 52.99 36.96 0 Plant
-178.9 81.68 -100.63 44.92 62.59 36.28 0 Plant
-123.67 84.35 -72.76 53.16 66.59 53.18 0 Plant
-62.01 70.7 -101.0 24.26 45.94 33.17 0 Plant
4.69 70.47 -96.7 56.57 67.78 40.33 0 Plant
236.34 -69.3 -91.88 26.51 24.97 32.19 0 Plant
45.52 76.75 -94.95 51.23 73.79 45.89 0 Plant
89.67 66.7 -90.7 63.25 57.93 33.88 0 Plant
122.54 52.05 -95.41 36.69 67.25 35.37 0 Plant
-64.08 -49.54 -105.7 27.13 25.4 29.4 0 Plant
