122.18 -79.87 -101.09 55.65 65.92 36.59 0 Embryonic_leaf
46.82 -69.07 -98.4 26.0 77.97 41.76 0 Embryonic_leaf
15.5 -56.5 -97.08 16.55 59.8 51.33 0 Embryonic_leaf
-26.37 -77.55 -94.17 30.57 69.27 30.04 0 Embryonic_leaf
-80.0 -61.08 -97.32 71.46 24.66 27.97 0 Embryonic_leaf
-147.26 -55.74 -90.82 70.15 19.33 45.82 0 Embryonic_leaf
20.52 63.73 -92.51 19.89 78.35 32.73 0 Embryonic_leaf
83.68 73.73 -107.8 66.39 47.7 31.87 0 Embryonic_leaf
195.53 71.73 -97.93 38.99 63.69 46.85 0 Embryonic_leaf
141.81 69.18 -104.62 66.61 33.27 41.83 0 Embryonic_leaf
126.58 81.72 -112.66 22.27 51.69 21.95 0 Embryonic_leaf
-46.3 85.22 -97.28 34.92 66.68 44.91 0 Embryonic_leaf
-90.91 71.41 -88.9 76.98 20.39 24.37 0 Embryonic_leaf
-89.88 44.41 -93.38 55.72 34.37 46.84 0 Embryonic_leaf
-139.68 71.2 -95.6 66.13 49.31 43.1 0 Embryonic_leaf
-192.36 -109.43 -128.38 18.75 9.41 19.6 0 Embryonic_leaf
122.18 -79.87 -101.09 55.65 65.92 36.59 0 Plant
46.82 -69.07 -98.4 26.0 77.97 41.76 0 Plant
15.5 -56.5 -97.08 16.55 59.8 51.33 0 Plant
-26.37 -77.55 -94.17 30.57 69.27 30.04 0 Plant
-80.0 -61.08 -97.32 71.46 24.66 27.97 0 Plant
-147.26 -55.74 -90.82 70.15 19.33 45.82 0 Plant
20.52 63.73 -92.51 19.89 78.35 32.73 0 Plant
83.68 73.73 -107.8 66.39 47.7 31.87 0 Plant
195.53 71.73 -97.93 38.99 63.69 46.85 0 Plant
141.81 69.18 -104.62 66.61 33.27 41.83 0 Plant
126.58 81.72 -112.66 22.27 51.69 21.95 0 Plant
-46.3 85.22 -97.28 34.92 66.68 44.91 0 Plant
-90.91 71.41 -88.9 76.98 20.39 24.37 0 Plant
-89.88 44.41 -93.38 55.72 34.37 46.84 0 Plant
-139.68 71.2 -95.6 66.13 49.31 43.1 0 Plant
-192.36 -109.43 -128.38 18.75 9.41 19.6 0 Plant
