202.84 -104.55 -84.78 41.12 37.38 43.18 0 Embryonic_leaf
233.64 66.64 -78.89 54.55 26.6 28.04 0 Embryonic_leaf
173.68 80.11 -92.84 43.84 40.24 15.79 0 Embryonic_leaf
71.41 -89.89 -93.25 42.86 26.78 33.19 0 Embryonic_leaf
-25.34 -99.69 -88.31 72.26 78.17 32.55 0 Embryonic_leaf
-96.34 62.58 -94.81 44.27 43.46 40.12 0 Embryonic_leaf
-56.7 96.73 -87.3 39.48 49.23 46.13 0 Embryonic_leaf
-147.48 69.88 -120.92 32.98 94.94 15.02 0 Embryonic_leaf
-184.46 -96.17 -95.86 32.13 60.26 42.12 0 Embryonic_leaf
-184.16 86.76 -105.28 23.41 49.21 26.11 0 Embryonic_leaf
-162.63 102.14 -94.36 26.35 55.7 35.79 0 Embryonic_leaf
70.43 62.82 -98.05 65.1 34.25 10.17 0 Embryonic_leaf
40.23 75.2 -92.12 57.27 35.07 43.67 0 Embryonic_leaf
-85.69 -87.88 -80.98 73.56 47.23 35.22 0 Embryonic_leaf
-140.26 -83.05 -87.67 39.43 90.35 46.26 0 Embryonic_leaf
202.84 -104.55 -84.78 41.12 37.38 43.18 0 Plant
233.64 66.64 -78.89 54.55 26.6 28.04 0 Plant
173.68 80.11 -92.84 43.84 40.24 15.79 0 Plant
71.41 -89.89 -93.25 42.86 26.78 33.19 0 Plant
-25.34 -99.69 -88.31 72.26 78.17 32.55 0 Plant
-96.34 62.58 -94.81 44.27 43.46 40.12 0 Plant
-56.7 96.73 -87.3 39.48 49.23 46.13 0 Plant
-147.48 69.88 -120.92 32.98 94.94 15.02 0 Plant
-184.46 -96.17 -95.86 32.13 60.26 42.12 0 Plant
-184.16 86.76 -105.28 23.41 49.21 26.11 0 Plant
-162.63 102.14 -94.36 26.35 55.7 35.79 0 Plant
70.43 62.82 -98.05 65.1 34.25 10.17 0 Plant
40.23 75.2 -92.12 57.27 35.07 43.67 0 Plant
-85.69 -87.88 -80.98 73.56 47.23 35.22 0 Plant
-140.26 -83.05 -87.67 39.43 90.35 46.26 0 Plant
