-162.48 -74.75 -109.19 57.43 24.73 31.45 0 Embryonic_leaf
-111.84 -68.43 -92.71 71.24 17.24 25.52 0 Embryonic_leaf
207.34 106.39 -89.42 52.45 27.31 23.64 0 Embryonic_leaf
-126.74 94.79 -108.18 49.22 37.41 35.08 0 Embryonic_leaf
168.92 84.41 -92.0 56.59 19.32 25.75 0 Embryonic_leaf
136.86 87.74 -95.48 52.33 33.97 34.55 0 Embryonic_leaf
-158.93 81.13 -103.6 18.11 12.75 33.51 0 Embryonic_leaf
-59.73 79.63 -95.39 32.13 55.72 26.94 0 Embryonic_leaf
-12.11 89.08 -96.91 39.42 23.31 32.98 0 Embryonic_leaf
-69.98 -65.76 -99.51 47.98 24.06 38.67 0 Embryonic_leaf
-39.19 -65.09 -95.79 24.07 37.38 35.41 0 Embryonic_leaf
-12.69 -51.81 -89.65 37.15 50.63 41.17 0 Embryonic_leaf
101.74 -65.8 -98.93 33.91 37.3 25.51 0 Embryonic_leaf
43.07 92.47 -91.62 36.62 37.84 32.88 0 Embryonic_leaf
20.99 91.41 -104.95 49.86 37.3 23.27 0 Embryonic_leaf
199.28 -73.13 -93.99 58.1 23.98 28.31 0 Embryonic_leaf
184.95 -81.68 -88.93 33.28 29.09 33.03 0 Embryonic_leaf
43.52 -67.76 -92.63 33.81 37.38 51.79 0 Embryonic_leaf
-162.48 -74.75 -109.19 57.43 24.73 31.45 0 Plant
-111.84 -68.43 -92.71 71.24 17.24 25.52 0 Plant
207.34 106.39 -89.42 52.45 27.31 23.64 0 Plant
-126.74 94.79 -108.18 49.22 37.41 35.08 0 Plant
168.92 84.41 -92.0 56.59 19.32 25.75 0 Plant
136.86 87.74 -95.48 52.33 33.97 34.55 0 Plant
-158.93 81.13 -103.6 18.11 12.75 33.51 0 Plant
-59.73 79.63 -95.39 32.13 55.72 26.94 0 Plant
-12.11 89.08 -96.91 39.42 23.31 32.98 0 Plant
-69.98 -65.76 -99.51 47.98 24.06 38.67 0 Plant
-39.19 -65.09 -95.79 24.07 37.38 35.41 0 Plant
-12.69 -51.81 -89.65 37.15 50.63 41.17 0 Plant
101.74 -65.8 -98.93 33.91 37.3 25.51 0 Plant
43.07 92.47 -91.62 36.62 37.84 32.88 0 Plant
20.99 91.41 -104.95 49.86 37.3 23.27 0 Plant
199.28 -73.13 -93.99 58.1 23.98 28.31 0 Plant
184.95 -81.68 -88.93 33.28 29.09 33.03 0 Plant
43.52 -67.76 -92.63 33.81 37.38 51.79 0 Plant
