231.02 73.97 -30.24 85.62 94.92 67.11 0 Leaf
191.03 81.94 -59.08 32.54 35.18 19.21 0 Leaf
190.53 78.95 -94.74 61.24 69.03 34.25 0 Embryonic_leaf
44.12 130.31 -32.99 90.86 94.75 93.83 0 Leaf
14.89 64.31 -64.21 44.73 46.37 43.78 0 Leaf
28.35 75.79 -68.55 71.86 103.52 27.04 0 Embryonic_leaf
31.66 71.43 -59.02 3.47 1.77 5.65 0 Petiole
-78.69 116.79 -36.51 112.56 87.61 82.6 0 Leaf
-101.79 47.71 -94.57 67.38 87.53 64.04 0 Embryonic_leaf
-95.18 62.95 -71.03 10.82 17.23 16.67 0 Petiole
-114.66 41.4 -56.57 37.2 43.24 27.2 0 Leaf
-70.15 -35.1 -35.8 96.41 85.4 78.03 0 Leaf
-80.67 -102.83 -85.77 111.85 46.63 59.3 0 Embryonic_leaf
-96.21 -94.67 -41.32 36.32 24.45 63.01 0 Petiole
-155.69 -83.57 7.64 110.76 48.93 135.57 0 Leaf
183.71 -133.7 -13.23 104.06 61.56 80.94 0 Leaf
225.94 -106.01 -91.64 78.59 42.92 45.27 0 Embryonic_leaf
228.72 -84.88 -57.37 45.29 46.24 9.31 0 Leaf
92.21 -93.34 -94.18 86.44 53.66 43.89 0 Embryonic_leaf
92.34 -68.07 -46.43 83.25 56.42 67.35 0 Leaf
79.17 -109.05 -56.74 33.42 25.55 17.7 0 Leaf
216.88 73.97 -54.28 113.92 94.92 115.18 0 Plant
40.98 100.86 -36.08 97.13 153.66 100.03 0 Plant
-78.95 82.27 -60.9 113.07 156.64 131.38 0 Plant
-116.5 -59.27 -20.0 189.13 133.74 190.84 0 Plant
198.46 -113.12 -43.52 133.56 102.71 141.51 0 Plant
92.21 -80.84 -64.44 86.44 81.97 103.37 0 Plant
