-152.01 81.57 -84.64 33.85 47.65 33.29 0 Embryonic_leaf
-8.27 70.41 -87.52 70.77 67.97 27.87 0 Embryonic_leaf
41.15 59.64 -73.91 38.72 68.43 47.71 0 Embryonic_leaf
84.81 68.8 -89.36 85.42 54.1 20.65 0 Embryonic_leaf
150.93 60.64 -85.54 72.76 61.1 27.59 0 Embryonic_leaf
175.13 -89.57 -88.96 60.94 58.56 21.3 0 Embryonic_leaf
122.14 -103.44 -84.22 67.86 41.49 37.14 0 Embryonic_leaf
67.98 -107.73 -79.96 58.88 70.23 28.36 0 Embryonic_leaf
-26.33 -94.86 -73.04 71.14 59.98 45.24 0 Embryonic_leaf
-114.69 -84.41 -84.08 81.25 56.89 25.2 0 Embryonic_leaf
-208.31 -87.53 -79.62 66.98 55.98 39.68 0 Embryonic_leaf
-152.01 81.57 -84.64 33.85 47.65 33.29 0 Plant
-8.27 70.41 -87.52 70.77 67.97 27.87 0 Plant
41.15 59.64 -73.91 38.72 68.43 47.71 0 Plant
84.81 68.8 -89.36 85.42 54.1 20.65 0 Plant
150.93 60.64 -85.54 72.76 61.1 27.59 0 Plant
175.13 -89.57 -88.96 60.94 58.56 21.3 0 Plant
122.14 -103.44 -84.22 67.86 41.49 37.14 0 Plant
67.98 -107.73 -79.96 58.88 70.23 28.36 0 Plant
-26.33 -94.86 -73.04 71.14 59.98 45.24 0 Plant
-114.69 -84.41 -84.08 81.25 56.89 25.2 0 Plant
-208.31 -87.53 -79.62 66.98 55.98 39.68 0 Plant
