195.01 -83.37 -76.04 95.39 23.77 69.5 0 Embryonic_leaf
124.95 -88.32 -73.95 46.64 58.99 73.4 0 Embryonic_leaf
74.78 -54.29 -81.68 82.63 62.92 50.44 0 Embryonic_leaf
15.8 -104.71 -77.05 92.95 41.11 70.76 0 Embryonic_leaf
-46.43 -112.48 -76.72 96.59 35.34 42.39 0 Embryonic_leaf
-63.82 -61.71 -75.85 104.96 31.1 28.7 0 Embryonic_leaf
-101.08 -72.92 -72.02 111.75 39.34 49.91 0 Embryonic_leaf
-124.0 -109.93 -74.66 60.67 66.68 39.39 0 Embryonic_leaf
-205.57 -86.26 -86.56 91.35 80.68 23.08 0 Embryonic_leaf
-145.98 50.43 -82.41 80.7 94.01 19.88 0 Embryonic_leaf
-92.71 21.76 -99.13 36.51 100.68 43.14 0 Embryonic_leaf
-76.04 55.95 -80.7 89.38 66.38 31.93 0 Embryonic_leaf
-22.94 55.81 -72.29 83.86 73.31 45.26 0 Embryonic_leaf
35.24 54.76 -85.42 58.99 89.35 53.06 0 Embryonic_leaf
92.87 53.45 -79.12 43.58 65.38 47.62 0 Embryonic_leaf
138.43 71.78 -80.47 41.08 91.37 60.17 0 Embryonic_leaf
202.77 47.81 -75.32 106.78 38.66 26.69 0 Embryonic_leaf
195.01 -83.37 -76.04 95.39 23.77 69.5 0 Plant
124.95 -88.32 -73.95 46.64 58.99 73.4 0 Plant
74.78 -54.29 -81.68 82.63 62.92 50.44 0 Plant
15.8 -104.71 -77.05 92.95 41.11 70.76 0 Plant
-46.43 -112.48 -76.72 96.59 35.34 42.39 0 Plant
-63.82 -61.71 -75.85 104.96 31.1 28.7 0 Plant
-101.08 -72.92 -72.02 111.75 39.34 49.91 0 Plant
-124.0 -109.93 -74.66 60.67 66.68 39.39 0 Plant
-205.57 -86.26 -86.56 91.35 80.68 23.08 0 Plant
-145.98 50.43 -82.41 80.7 94.01 19.88 0 Plant
-92.71 21.76 -99.13 36.51 100.68 43.14 0 Plant
-76.04 55.95 -80.7 89.38 66.38 31.93 0 Plant
-22.94 55.81 -72.29 83.86 73.31 45.26 0 Plant
35.24 54.76 -85.42 58.99 89.35 53.06 0 Plant
92.87 53.45 -79.12 43.58 65.38 47.62 0 Plant
138.43 71.78 -80.47 41.08 91.37 60.17 0 Plant
202.77 47.81 -75.32 106.78 38.66 26.69 0 Plant
