46.09 77.05 -39.15 75.83 74.01 83.19 0 Embryonic_leaf
70.11 94.38 -20.74 43.74 45.2 54.47 0 Leaf
144.68 -100.91 -53.55 57.25 89.24 67.5 0 Embryonic_leaf
137.03 -108.19 -28.14 73.08 27.54 62.68 0 Leaf
149.72 -89.4 -51.24 23.72 15.39 31.31 0 Leaf
66.79 -94.42 -40.63 67.37 70.91 80.22 0 Embryonic_leaf
55.51 -98.24 -24.41 26.73 43.21 53.83 0 Leaf
74.5 -103.12 -51.27 9.98 12.04 19.43 0 Leaf
68.35 -100.58 -81.18 7.91 6.42 38.29 0 Petiole
-77.01 56.77 -15.72 66.66 33.45 61.74 0 Embryonic_leaf
-104.22 92.23 -15.94 47.59 26.76 49.72 0 Embryonic_leaf
-88.75 82.53 -39.32 74.38 71.58 87.28 0 Embryonic_leaf
-91.74 76.51 -65.88 10.37 8.7 32.7 0 Embryonic_leaf
-90.42 77.38 -60.28 17.32 13.13 30.01 0 Embryonic_leaf
50.08 78.51 -37.13 83.81 76.93 87.24 0 Plant
137.03 -100.91 -42.05 73.08 89.24 90.51 0 Plant
66.79 -94.42 -48.91 67.37 70.91 102.83 0 Plant
-85.85 79.18 -33.91 84.33 78.27 98.11 0 Plant
-72.26 -74.82 -38.99 83.18 106.1 110.39 0 Plant
131.19 59.95 -32.27 77.03 85.3 72.82 0 Plant
