-81.97 -83.2 -64.41 91.38 140.7 56.92 0 Embryonic_leaf
-125.67 -95.87 -60.47 49.08 58.02 15.7 0 Leaf
-89.35 -113.48 -74.63 14.17 10.78 11.41 0 Petiole
-103.31 -85.88 -55.89 10.11 15.37 5.35 0 Petiole
118.94 -59.06 -74.55 129.75 76.95 67.13 0 Embryonic_leaf
102.27 -71.41 -57.62 52.19 29.58 33.44 0 Leaf
-103.03 -98.22 -67.14 5.43 1.37 4.42 0 Petiole
109.51 -57.02 -83.55 6.95 10.0 21.03 0 Petiole
96.7 -51.57 -76.36 12.34 8.0 19.38 0 Petiole
-86.74 87.0 -65.55 76.36 81.18 56.67 0 Embryonic_leaf
-83.31 74.85 -84.23 18.12 20.67 15.45 0 Petiole
58.03 82.01 -54.06 151.2 63.01 43.38 0 Embryonic_leaf
58.97 107.02 -54.7 77.88 65.02 15.27 0 Leaf
38.58 78.18 -74.38 14.22 6.0 12.27 0 Petiole
72.01 68.51 -75.11 15.98 2.67 17.85 0 Petiole
59.34 68.24 -72.06 7.82 9.68 20.53 0 Petiole
185.31 125.4 -64.73 77.65 67.32 107.23 0 Embryonic_leaf
175.27 92.58 -95.59 25.6 38.8 44.78 0 Petiole
-93.24 -83.2 -64.41 113.93 140.7 56.92 0 Plant
118.94 -59.06 -74.51 129.75 76.95 67.21 0 Plant
-86.74 87.0 -65.55 76.36 81.18 56.67 0 Plant
58.03 95.02 -58.2 151.2 89.02 51.66 0 Plant
185.31 116.12 -64.73 77.65 85.89 107.23 0 Plant
