216.75 -94.22 -78.95 60.78 66.35 63.76 0 Embryonic_leaf
156.21 -100.96 -92.95 61.6 87.81 47.31 0 Embryonic_leaf
84.04 -101.96 -52.44 87.98 47.23 67.68 0 Embryonic_leaf
7.11 -96.7 -69.82 62.25 63.07 49.14 0 Embryonic_leaf
-42.84 -78.51 -56.65 91.47 81.05 60.43 0 Embryonic_leaf
-132.63 -96.97 -63.93 35.25 45.68 53.21 0 Embryonic_leaf
-205.65 24.11 -74.73 43.64 46.57 47.05 0 Embryonic_leaf
-49.45 51.88 -66.98 61.96 79.5 83.81 0 Embryonic_leaf
47.63 76.97 -92.23 39.59 68.46 44.11 0 Embryonic_leaf
83.08 46.98 -71.92 81.79 52.39 60.65 0 Embryonic_leaf
-148.24 49.72 -66.43 47.94 45.9 65.51 0 Embryonic_leaf
-114.32 31.33 -85.87 95.42 38.77 45.26 0 Embryonic_leaf
192.2 61.13 -85.23 73.0 38.88 39.06 0 Embryonic_leaf
154.57 60.81 -60.96 69.45 97.66 43.07 0 Embryonic_leaf
216.75 -94.22 -78.95 60.78 66.35 63.76 0 Plant
156.21 -100.96 -92.95 61.6 87.81 47.31 0 Plant
84.04 -101.96 -52.44 87.98 47.23 67.68 0 Plant
7.11 -96.7 -69.82 62.25 63.07 49.14 0 Plant
-42.84 -78.51 -56.65 91.47 81.05 60.43 0 Plant
-132.63 -96.97 -63.93 35.25 45.68 53.21 0 Plant
-205.65 24.11 -74.73 43.64 46.57 47.05 0 Plant
-49.45 51.88 -66.98 61.96 79.5 83.81 0 Plant
47.63 76.97 -92.23 39.59 68.46 44.11 0 Plant
83.08 46.98 -71.92 81.79 52.39 60.65 0 Plant
-148.24 49.72 -66.43 47.94 45.9 65.51 0 Plant
-114.32 31.33 -85.87 95.42 38.77 45.26 0 Plant
192.2 61.13 -85.23 73.0 38.88 39.06 0 Plant
154.57 60.81 -60.96 69.45 97.66 43.07 0 Plant
