211.18 -78.25 -107.62 90.96 15.36 52.41 0 Embryonic_leaf
-201.3 -94.93 -109.63 65.69 77.67 49.04 0 Embryonic_leaf
-139.72 51.84 -96.22 67.6 74.51 21.87 0 Embryonic_leaf
135.82 -99.71 -98.04 46.0 59.61 54.41 0 Embryonic_leaf
203.3 45.93 -88.9 79.08 27.77 31.04 0 Embryonic_leaf
156.59 70.69 -112.51 32.82 65.68 39.9 0 Embryonic_leaf
37.53 48.8 -109.64 44.3 85.73 41.87 0 Embryonic_leaf
102.74 48.18 -95.76 32.92 55.22 29.97 0 Embryonic_leaf
-19.39 55.66 -96.91 48.45 71.74 51.82 0 Embryonic_leaf
-45.64 -98.84 -89.61 77.48 24.61 33.47 0 Embryonic_leaf
-62.4 -62.41 -93.0 83.24 24.61 20.44 0 Embryonic_leaf
83.25 -70.28 -91.74 58.04 56.45 41.63 0 Embryonic_leaf
16.44 -94.68 -87.52 77.49 18.96 32.36 0 Embryonic_leaf
-95.78 30.12 -97.52 37.91 51.04 57.48 0 Embryonic_leaf
-66.27 54.67 -96.92 65.21 57.81 19.98 0 Embryonic_leaf
-121.41 -96.58 -99.07 33.62 75.98 47.54 0 Embryonic_leaf
-101.36 -73.61 -90.94 81.02 16.73 35.4 0 Embryonic_leaf
211.18 -78.25 -107.62 90.96 15.36 52.41 0 Plant
-201.3 -94.93 -109.63 65.69 77.67 49.04 0 Plant
-139.72 51.84 -96.22 67.6 74.51 21.87 0 Plant
135.82 -99.71 -98.04 46.0 59.61 54.41 0 Plant
203.3 45.93 -88.9 79.08 27.77 31.04 0 Plant
156.59 70.69 -112.51 32.82 65.68 39.9 0 Plant
37.53 48.8 -109.64 44.3 85.73 41.87 0 Plant
102.74 48.18 -95.76 32.92 55.22 29.97 0 Plant
-19.39 55.66 -96.91 48.45 71.74 51.82 0 Plant
-45.64 -98.84 -89.61 77.48 24.61 33.47 0 Plant
-62.4 -62.41 -93.0 83.24 24.61 20.44 0 Plant
83.25 -70.28 -91.74 58.04 56.45 41.63 0 Plant
16.44 -94.68 -87.52 77.49 18.96 32.36 0 Plant
-95.78 30.12 -97.52 37.91 51.04 57.48 0 Plant
-66.27 54.67 -96.92 65.21 57.81 19.98 0 Plant
-121.41 -96.58 -99.07 33.62 75.98 47.54 0 Plant
-101.36 -73.61 -90.94 81.02 16.73 35.4 0 Plant
