-201.26 81.46 -68.13 61.56 55.25 73.14 0 Embryonic_leaf
191.21 -102.93 -48.71 83.09 41.61 79.54 0 Embryonic_leaf
129.99 -94.32 -58.93 52.92 79.05 62.58 0 Embryonic_leaf
128.67 82.5 -51.71 63.79 113.3 89.69 0 Embryonic_leaf
36.1 84.96 -46.86 72.81 88.91 88.64 0 Embryonic_leaf
-164.55 -90.89 -48.79 95.65 61.44 95.62 0 Embryonic_leaf
-94.92 -75.27 -59.6 94.9 63.34 89.49 0 Embryonic_leaf
-42.73 49.84 -60.92 84.03 55.99 95.9 0 Embryonic_leaf
-105.35 89.5 -49.52 77.38 83.31 82.23 0 Embryonic_leaf
-143.97 94.75 -81.42 65.09 48.67 69.48 0 Embryonic_leaf
65.05 -92.12 -64.72 62.75 99.97 74.76 0 Embryonic_leaf
-47.75 -127.78 -55.05 70.0 47.32 87.92 0 Embryonic_leaf
2.31 -102.19 -62.63 48.94 70.51 80.16 0 Embryonic_leaf
202.28 51.17 -57.18 73.1 53.32 78.37 0 Embryonic_leaf
226.21 88.83 -63.84 49.77 37.99 61.8 0 Embryonic_leaf
-201.26 81.46 -68.13 61.56 55.25 73.14 0 Plant
191.21 -102.93 -48.71 83.09 41.61 79.54 0 Plant
129.99 -94.32 -58.93 52.92 79.05 62.58 0 Plant
128.67 82.5 -51.71 63.79 113.3 89.69 0 Plant
36.1 84.96 -46.86 72.81 88.91 88.64 0 Plant
-164.55 -90.89 -48.79 95.65 61.44 95.62 0 Plant
-94.92 -75.27 -59.6 94.9 63.34 89.49 0 Plant
-42.73 49.84 -60.92 84.03 55.99 95.9 0 Plant
-105.35 89.5 -49.52 77.38 83.31 82.23 0 Plant
-143.97 94.75 -81.42 65.09 48.67 69.48 0 Plant
65.05 -92.12 -64.72 62.75 99.97 74.76 0 Plant
-47.75 -127.78 -55.05 70.0 47.32 87.92 0 Plant
2.31 -102.19 -62.63 48.94 70.51 80.16 0 Plant
202.28 51.17 -57.18 73.1 53.32 78.37 0 Plant
226.21 88.83 -63.84 49.77 37.99 61.8 0 Plant
