-104.19 102.0 -70.74 143.49 122.38 47.47 0 Embryonic_leaf
-109.02 133.54 -29.46 69.97 82.73 33.12 0 Leaf
-87.05 79.6 -53.52 25.34 42.4 38.37 0 Petiole
-58.99 27.67 -36.14 89.41 97.99 23.08 0 Leaf
-88.26 60.65 -20.39 42.82 25.89 38.83 0 Leaf
-87.56 75.58 -52.17 8.03 9.29 22.11 0 Stem
-92.83 -50.7 -75.04 158.45 106.53 48.65 0 Embryonic_leaf
-120.48 -43.03 -19.96 73.4 77.29 30.94 0 Leaf
-61.86 -101.92 -42.48 58.84 63.83 44.45 0 Leaf
-111.38 -117.75 -24.03 93.35 83.83 54.95 0 Leaf
-81.83 -92.48 -51.69 16.04 13.0 13.67 0 Petiole
-90.47 -69.45 -51.17 7.37 7.3 17.73 0 Petiole
-92.17 -71.11 -44.44 30.89 21.9 11.31 0 Leaf
17.4 28.62 -62.56 101.49 241.28 73.87 0 Embryonic_leaf
37.64 144.78 -30.51 82.08 96.58 54.45 0 Leaf
-13.73 76.29 -22.02 66.93 60.49 30.07 0 Leaf
16.81 76.47 -50.07 14.44 3.1 24.94 0 Petiole
33.48 89.02 -46.44 21.09 22.24 11.5 0 Leaf
26.66 77.41 -60.55 5.34 6.31 16.26 0 Petiole
139.87 65.82 -80.55 59.98 183.59 43.67 0 Embryonic_leaf
182.44 74.75 -17.33 74.83 89.94 64.79 0 Leaf
149.45 70.1 -45.0 21.62 3.65 33.84 0 Petiole
81.8 60.98 -5.44 99.69 87.61 57.8 0 Leaf
116.52 68.83 -50.18 14.21 8.19 27.54 0 Petiole
126.88 96.99 -24.89 40.69 56.75 20.83 0 Leaf
139.5 61.97 -45.75 15.92 13.94 7.97 0 Leaf
69.79 -99.98 -74.66 67.38 186.51 39.17 0 Embryonic_leaf
20.2 -117.02 -36.52 103.9 105.97 43.92 0 Leaf
95.91 -116.51 -43.41 60.21 64.25 28.6 0 Leaf
60.02 -105.51 -62.44 10.85 5.53 17.4 0 Petiole
63.76 -106.29 -54.5 11.27 11.95 10.85 0 Leaf
154.86 -98.65 -75.16 93.59 157.31 34.38 0 Embryonic_leaf
166.02 -54.31 -38.85 67.79 67.3 23.35 0 Leaf
164.24 -120.22 -18.78 115.53 66.37 74.66 0 Leaf
158.94 -87.81 -64.53 8.16 17.48 23.09 0 Petiole
152.95 -100.48 -70.05 6.81 12.94 20.19 0 Petiole
151.98 -93.34 -85.47 3.23 4.65 6.0 0 Stem
155.72 -97.99 -58.42 6.57 3.32 10.26 0 Leaf
-95.11 76.79 -47.72 161.65 196.23 93.49 0 Plant
-92.83 -78.55 -47.96 158.45 162.23 102.8 0 Plant
15.74 50.52 -51.39 125.87 285.08 96.21 0 Plant
125.91 65.82 -39.46 187.9 183.59 125.85 0 Plant
47.13 -99.98 -54.41 157.76 186.51 79.69 0 Plant
164.24 -98.65 -36.9 115.53 157.31 110.91 0 Plant
