-136.15 59.65 -70.34 118.42 56.55 51.37 0 Embryonic_leaf
-165.04 121.66 -26.68 69.41 79.25 70.95 0 Leaf
-134.19 35.17 -54.56 55.37 44.92 30.96 0 Leaf
-139.11 76.53 -49.02 13.9 23.89 24.18 0 Petiole
-133.85 56.26 -61.73 5.8 8.44 17.07 0 Petiole
-67.28 51.18 -74.19 45.05 100.93 15.13 0 Embryonic_leaf
-75.54 62.32 -52.42 37.02 47.22 24.78 0 Leaf
-58.04 47.87 -65.37 4.32 4.33 9.33 0 Petiole
-39.53 45.31 -50.25 31.02 6.79 35.73 0 Petiole
-2.15 55.54 -14.89 86.36 120.32 83.53 0 Leaf
168.96 76.37 -42.48 44.51 84.66 51.13 0 Embryonic_leaf
195.48 106.03 -41.18 31.31 45.33 32.18 0 Leaf
182.52 74.12 -56.64 12.35 13.16 14.63 0 Petiole
179.0 -101.27 -89.69 80.86 49.33 20.37 0 Embryonic_leaf
195.53 -130.94 -71.25 63.28 52.66 30.28 0 Leaf
187.45 -114.6 -80.05 2.77 5.33 5.41 0 Petiole
50.81 86.18 -66.37 96.97 107.52 18.7 0 Embryonic_leaf
66.77 150.94 -12.64 60.62 97.82 115.18 0 Leaf
10.85 90.99 -25.54 69.55 80.57 47.28 0 Leaf
60.76 99.2 -36.33 13.69 29.66 33.66 0 Petiole
45.04 77.59 -42.4 9.63 5.78 19.26 0 Petiole
8.89 -81.16 -95.21 60.49 120.79 49.92 0 Embryonic_leaf
-25.58 -64.69 -50.56 76.11 87.84 31.24 0 Leaf
54.77 -18.68 -15.09 81.92 87.86 107.64 0 Leaf
-72.44 -104.18 -86.55 40.24 134.83 36.91 0 Embryonic_leaf
-27.87 -96.61 -52.8 67.3 66.66 59.05 0 Leaf
-115.02 -103.94 -17.99 89.67 63.32 98.27 0 Leaf
-85.58 -104.61 -44.12 29.13 2.67 43.28 0 Petiole
31.66 -63.03 -47.04 11.22 9.84 14.36 0 Petiole
5.48 -77.61 -56.45 11.17 3.33 10.84 0 Petiole
-132.62 -93.69 -92.05 62.95 75.16 13.92 0 Embryonic_leaf
-127.92 -108.46 -65.28 10.26 8.67 26.78 0 Petiole
-172.3 -58.78 -78.59 93.99 65.66 62.29 0 Leaf
-130.55 -65.11 -15.55 119.25 68.69 74.67 0 Leaf
-138.34 87.0 -43.62 122.81 148.57 104.82 0 Plant
182.87 -116.94 -78.0 88.6 80.66 43.76 0 Plant
178.92 81.37 -42.48 64.43 94.65 51.13 0 Plant
16.05 -58.15 -40.72 159.37 166.8 158.9 0 Plant
-77.04 -104.18 -36.93 165.64 134.83 136.16 0 Plant
-26.51 55.54 -27.44 135.08 120.32 108.63 0 Plant
37.68 116.14 -15.38 123.22 167.43 120.67 0 Plant
-145.11 -78.61 -43.98 148.37 105.32 131.52 0 Plant
