94.23 95.44 -39.88 51.02 107.72 85.54 0 Embryonic_leaf
-22.09 92.77 -49.63 50.63 79.62 83.33 0 Embryonic_leaf
-153.31 96.11 -58.07 53.04 42.15 49.84 0 Embryonic_leaf
-96.02 -69.29 -40.26 58.28 67.86 60.86 0 Embryonic_leaf
47.47 -67.77 -38.87 65.69 46.83 81.93 0 Embryonic_leaf
73.95 55.14 -55.52 22.48 32.47 27.12 0 Leaf
84.56 73.53 -74.04 16.05 27.1 29.81 0 Petiole
154.65 81.92 -51.65 75.11 71.25 61.47 0 Embryonic_leaf
137.87 -64.47 -48.75 68.52 71.59 79.09 0 Embryonic_leaf
49.52 -95.61 -111.05 15.21 11.54 28.35 0 Stem
91.23 94.11 -43.03 57.03 110.4 91.83 0 Plant
-22.09 92.77 -49.63 50.63 79.62 83.33 0 Plant
-153.31 96.11 -58.07 53.04 42.15 49.84 0 Plant
-96.02 -69.29 -40.26 58.28 67.86 60.86 0 Plant
47.47 -72.87 -61.57 65.69 57.03 127.31 0 Plant
154.65 81.92 -51.65 75.11 71.25 61.47 0 Plant
137.87 -64.47 -48.75 68.52 71.59 79.09 0 Plant
