149.7 39.19 -79.4 86.57 98.46 52.22 0 Embryonic_leaf
81.85 40.53 -75.93 62.52 47.84 46.73 0 Embryonic_leaf
26.93 86.92 -70.61 56.3 71.3 49.43 0 Embryonic_leaf
-48.72 69.79 -69.4 41.57 60.24 71.91 0 Embryonic_leaf
-104.88 83.75 -67.93 58.59 66.97 58.98 0 Embryonic_leaf
-150.38 42.94 -65.63 40.31 49.98 46.42 0 Embryonic_leaf
-197.16 45.82 -73.55 45.75 41.09 63.37 0 Embryonic_leaf
-152.59 -98.67 -73.25 70.9 47.98 55.99 0 Embryonic_leaf
-45.06 -89.68 -69.53 29.52 31.33 27.5 0 Embryonic_leaf
13.06 -118.53 -74.74 53.23 34.35 40.11 0 Embryonic_leaf
98.66 -135.86 -79.33 52.54 54.9 26.9 0 Embryonic_leaf
129.35 -115.15 -87.26 64.1 70.26 51.54 0 Embryonic_leaf
149.7 39.19 -79.4 86.57 98.46 52.22 0 Plant
81.85 40.53 -75.93 62.52 47.84 46.73 0 Plant
26.93 86.92 -70.61 56.3 71.3 49.43 0 Plant
-48.72 69.79 -69.4 41.57 60.24 71.91 0 Plant
-104.88 83.75 -67.93 58.59 66.97 58.98 0 Plant
-150.38 42.94 -65.63 40.31 49.98 46.42 0 Plant
-197.16 45.82 -73.55 45.75 41.09 63.37 0 Plant
-152.59 -98.67 -73.25 70.9 47.98 55.99 0 Plant
-45.06 -89.68 -69.53 29.52 31.33 27.5 0 Plant
13.06 -118.53 -74.74 53.23 34.35 40.11 0 Plant
98.66 -135.86 -79.33 52.54 54.9 26.9 0 Plant
129.35 -115.15 -87.26 64.1 70.26 51.54 0 Plant
