-194.43 -90.27 -70.0 95.62 59.87 32.33 0 Embryonic_leaf
-110.29 -82.96 -72.62 91.53 61.87 30.68 0 Embryonic_leaf
-20.61 -94.81 -70.36 98.81 74.09 25.93 0 Embryonic_leaf
46.44 -81.36 -53.61 43.8 50.42 57.58 0 Embryonic_leaf
121.0 -103.68 -84.82 85.42 48.93 30.68 0 Embryonic_leaf
188.79 -83.91 -76.18 65.58 58.62 29.32 0 Embryonic_leaf
142.73 67.36 -73.95 69.81 59.35 43.82 0 Embryonic_leaf
-149.06 80.03 -83.63 37.03 63.86 33.59 0 Embryonic_leaf
-28.17 76.47 -67.54 71.31 58.75 52.87 0 Embryonic_leaf
39.36 58.76 -64.71 44.61 96.5 31.65 0 Embryonic_leaf
76.67 84.48 -60.54 72.63 65.01 56.58 0 Embryonic_leaf
-21.02 67.56 -86.82 13.0 8.98 11.98 0 Petiole
41.27 55.08 -83.49 3.45 14.64 12.86 0 Petiole
83.2 71.71 -92.42 6.16 6.65 20.79 0 Petiole
52.89 -98.54 -83.45 8.64 14.54 21.72 0 Petiole
186.52 -88.95 -93.92 9.89 10.66 14.33 0 Petiole
-192.2 -91.27 -85.17 18.66 6.65 13.47 0 Petiole
-194.43 -90.27 -72.87 95.62 59.87 38.08 0 Plant
-110.29 -82.96 -72.62 91.53 61.87 30.68 0 Plant
-20.61 -94.81 -70.36 98.81 74.09 25.93 0 Plant
46.44 -81.36 -59.57 43.8 50.42 69.49 0 Plant
121.0 -103.68 -84.82 85.42 48.93 30.68 0 Plant
188.79 -83.91 -81.3 65.58 58.62 39.57 0 Plant
142.73 67.36 -73.95 69.81 59.35 43.82 0 Plant
-149.06 80.03 -83.63 37.03 63.86 33.59 0 Plant
-28.17 76.47 -67.54 71.31 58.75 52.87 0 Plant
39.36 58.76 -69.4 44.61 96.5 41.04 0 Plant
76.67 84.48 -67.54 72.63 65.01 70.56 0 Plant
