77.01 87.54 -78.87 13.84 19.87 10.61 0 Petiole
56.43 112.76 -88.27 75.83 65.67 56.62 0 Leaf
-97.12 -22.47 -96.27 79.1 68.04 59.08 0 Leaf
100.04 50.36 -77.29 63.09 45.76 31.37 0 Leaf
-67.75 -99.13 -55.49 63.25 50.05 40.66 0 Leaf
-79.89 -77.75 -101.76 104.24 41.8 61.7 0 Embryonic_leaf
90.5 75.92 -109.91 106.16 67.66 44.79 0 Embryonic_leaf
-71.44 -81.72 -71.23 2.54 11.29 14.55 0 Petiole
92.67 62.64 -79.83 8.02 9.25 19.8 0 Petiole
81.05 86.54 -96.13 125.07 118.11 72.35 0 Plant
-82.22 -56.3 -83.89 108.9 135.71 97.46 0 Plant
