-129.85 -97.05 -71.75 27.48 41.05 35.52 0 Embryonic_leaf
-51.28 -77.88 -61.61 65.98 71.35 47.88 0 Embryonic_leaf
7.79 -103.03 -79.84 42.87 36.28 33.08 0 Embryonic_leaf
74.54 -101.18 -65.06 75.97 47.98 70.16 0 Embryonic_leaf
153.56 -103.96 -100.02 54.65 71.62 31.45 0 Embryonic_leaf
219.4 -96.85 -79.89 50.99 57.98 60.91 0 Embryonic_leaf
-208.14 11.61 -77.4 30.24 19.66 35.52 0 Embryonic_leaf
-38.97 53.17 -63.86 41.37 58.14 70.8 0 Embryonic_leaf
45.04 60.52 -85.92 33.0 39.12 44.01 0 Embryonic_leaf
86.99 52.11 -73.49 57.79 36.29 52.16 0 Embryonic_leaf
193.24 60.93 -90.95 53.75 37.29 25.96 0 Embryonic_leaf
154.67 73.31 -69.89 65.42 50.87 53.9 0 Embryonic_leaf
-106.07 35.36 -88.21 78.58 29.84 38.28 0 Embryonic_leaf
-149.3 50.89 -71.54 30.77 29.59 52.03 0 Embryonic_leaf
-129.85 -97.05 -71.75 27.48 41.05 35.52 0 Plant
-51.28 -77.88 -61.61 65.98 71.35 47.88 0 Plant
7.79 -103.03 -79.84 42.87 36.28 33.08 0 Plant
74.54 -101.18 -65.06 75.97 47.98 70.16 0 Plant
153.56 -103.96 -100.02 54.65 71.62 31.45 0 Plant
219.4 -96.85 -79.89 50.99 57.98 60.91 0 Plant
-208.14 11.61 -77.4 30.24 19.66 35.52 0 Plant
-38.97 53.17 -63.86 41.37 58.14 70.8 0 Plant
45.04 60.52 -85.92 33.0 39.12 44.01 0 Plant
86.99 52.11 -73.49 57.79 36.29 52.16 0 Plant
193.24 60.93 -90.95 53.75 37.29 25.96 0 Plant
154.67 73.31 -69.89 65.42 50.87 53.9 0 Plant
-106.07 35.36 -88.21 78.58 29.84 38.28 0 Plant
-149.3 50.89 -71.54 30.77 29.59 52.03 0 Plant
