202.4 68.42 -103.01 32.78 70.04 59.82 0 Embryonic_leaf
25.3 53.52 -109.68 22.85 93.47 44.92 0 Embryonic_leaf
134.87 -82.88 -96.44 68.93 81.44 19.53 0 Embryonic_leaf
61.6 -81.94 -109.95 23.56 91.85 45.04 0 Embryonic_leaf
-130.69 55.46 -112.57 63.51 69.41 42.61 0 Embryonic_leaf
150.45 66.28 -104.34 76.88 52.46 15.12 0 Embryonic_leaf
-48.89 80.08 -100.58 31.56 76.07 51.08 0 Embryonic_leaf
-75.39 64.98 -111.28 92.98 21.86 63.64 0 Embryonic_leaf
-87.62 35.36 -98.06 69.13 57.28 25.02 0 Embryonic_leaf
-74.2 -64.22 -106.4 91.58 37.6 25.97 0 Embryonic_leaf
21.5 -60.08 -101.74 18.96 80.05 57.49 0 Embryonic_leaf
-9.86 -93.33 -101.19 93.18 55.22 17.76 0 Embryonic_leaf
99.45 77.24 -120.55 87.75 41.11 39.92 0 Embryonic_leaf
129.21 85.24 -101.43 32.17 61.11 25.21 0 Embryonic_leaf
202.4 68.42 -103.01 32.78 70.04 59.82 0 Plant
25.3 53.52 -109.68 22.85 93.47 44.92 0 Plant
134.87 -82.88 -96.44 68.93 81.44 19.53 0 Plant
61.6 -81.94 -109.95 23.56 91.85 45.04 0 Plant
-130.69 55.46 -112.57 63.51 69.41 42.61 0 Plant
150.45 66.28 -104.34 76.88 52.46 15.12 0 Plant
-48.89 80.08 -100.58 31.56 76.07 51.08 0 Plant
-75.39 64.98 -111.28 92.98 21.86 63.64 0 Plant
-87.62 35.36 -98.06 69.13 57.28 25.02 0 Plant
-74.2 -64.22 -106.4 91.58 37.6 25.97 0 Plant
21.5 -60.08 -101.74 18.96 80.05 57.49 0 Plant
-9.86 -93.33 -101.19 93.18 55.22 17.76 0 Plant
99.45 77.24 -120.55 87.75 41.11 39.92 0 Plant
129.21 85.24 -101.43 32.17 61.11 25.21 0 Plant
