210.35 62.76 -69.59 71.06 44.28 51.58 0 Embryonic_leaf
-155.05 -81.36 -78.78 72.88 57.66 49.7 0 Embryonic_leaf
-93.85 -80.81 -83.49 79.34 58.43 48.29 0 Embryonic_leaf
-145.99 84.97 -90.26 51.99 41.41 49.44 0 Embryonic_leaf
-92.12 90.9 -66.16 59.58 61.26 61.51 0 Embryonic_leaf
-30.89 63.41 -76.39 54.18 41.66 58.26 0 Embryonic_leaf
-191.28 72.09 -85.89 28.87 39.62 39.02 0 Embryonic_leaf
106.39 92.65 -75.11 69.49 76.08 47.08 0 Embryonic_leaf
32.0 64.93 -71.5 38.43 50.61 43.16 0 Embryonic_leaf
65.98 -88.89 -83.3 27.58 42.62 43.89 0 Embryonic_leaf
191.07 -114.86 -66.19 69.35 41.28 47.38 0 Embryonic_leaf
140.95 -94.55 -69.61 44.39 49.94 43.41 0 Embryonic_leaf
-14.17 -102.18 -79.02 66.5 43.32 25.43 0 Embryonic_leaf
210.35 62.76 -69.59 71.06 44.28 51.58 0 Plant
-155.05 -81.36 -78.78 72.88 57.66 49.7 0 Plant
-93.85 -80.81 -83.49 79.34 58.43 48.29 0 Plant
-145.99 84.97 -90.26 51.99 41.41 49.44 0 Plant
-92.12 90.9 -66.16 59.58 61.26 61.51 0 Plant
-30.89 63.41 -76.39 54.18 41.66 58.26 0 Plant
-191.28 72.09 -85.89 28.87 39.62 39.02 0 Plant
106.39 92.65 -75.11 69.49 76.08 47.08 0 Plant
32.0 64.93 -71.5 38.43 50.61 43.16 0 Plant
65.98 -88.89 -83.3 27.58 42.62 43.89 0 Plant
191.07 -114.86 -66.19 69.35 41.28 47.38 0 Plant
140.95 -94.55 -69.61 44.39 49.94 43.41 0 Plant
-14.17 -102.18 -79.02 66.5 43.32 25.43 0 Plant
