43.64 88.48 -57.91 84.96 63.32 68.39 0 Embryonic_leaf
149.63 106.61 -74.99 99.06 73.98 46.86 0 Embryonic_leaf
-91.56 64.59 -70.39 43.04 47.34 47.18 0 Embryonic_leaf
-191.39 81.92 -68.72 72.16 60.67 47.32 0 Embryonic_leaf
108.07 -57.93 -72.56 109.47 70.88 52.05 0 Embryonic_leaf
184.96 -41.28 -94.72 67.15 65.58 68.49 0 Embryonic_leaf
-36.22 -76.52 -77.84 49.78 57.15 53.68 0 Embryonic_leaf
-114.33 -74.62 -51.08 57.6 90.3 67.01 0 Embryonic_leaf
-178.94 -64.43 -67.19 43.05 70.23 37.15 0 Embryonic_leaf
23.35 -63.76 -43.64 94.73 68.68 80.95 0 Embryonic_leaf
43.64 88.48 -57.91 84.96 63.32 68.39 0 Plant
149.63 106.61 -74.99 99.06 73.98 46.86 0 Plant
-91.56 64.59 -70.39 43.04 47.34 47.18 0 Plant
-191.39 81.92 -68.72 72.16 60.67 47.32 0 Plant
108.07 -57.93 -72.56 109.47 70.88 52.05 0 Plant
184.96 -41.28 -94.72 67.15 65.58 68.49 0 Plant
-36.22 -76.52 -77.84 49.78 57.15 53.68 0 Plant
-114.33 -74.62 -51.08 57.6 90.3 67.01 0 Plant
-178.94 -64.43 -67.19 43.05 70.23 37.15 0 Plant
23.35 -63.76 -43.64 94.73 68.68 80.95 0 Plant
