179.65 -85.71 -68.11 31.78 123.76 13.41 0 Embryonic_leaf
216.42 -76.54 -51.68 51.04 40.43 22.66 0 Leaf
185.15 70.16 -88.13 96.42 76.93 25.72 0 Embryonic_leaf
152.48 114.9 -49.61 59.8 69.74 23.94 0 Leaf
44.42 -111.91 -53.21 65.09 59.32 41.62 0 Leaf
75.34 -79.36 -78.78 69.8 111.05 15.42 0 Embryonic_leaf
50.92 -95.75 -67.22 4.59 3.34 6.9 0 Petiole
-59.86 -77.14 -94.11 83.0 63.15 45.89 0 Embryonic_leaf
-79.92 -43.56 -48.12 71.96 55.53 28.85 0 Leaf
-64.97 -75.01 -69.59 16.42 15.39 11.89 0 Petiole
-39.83 74.89 -79.17 83.61 96.91 26.82 0 Embryonic_leaf
-78.07 101.71 -46.85 59.37 67.58 31.74 0 Leaf
-52.6 78.53 -72.34 17.02 16.06 14.3 0 Petiole
58.16 81.58 -85.71 79.3 80.85 34.77 0 Embryonic_leaf
70.72 55.92 -29.31 69.08 48.12 47.73 0 Leaf
166.88 89.23 -69.66 13.37 20.07 16.98 0 Petiole
202.85 -85.71 -57.58 78.18 123.76 34.46 0 Plant
177.97 90.73 -69.31 110.78 118.08 63.35 0 Plant
61.06 -82.7 -59.44 98.36 117.74 54.09 0 Plant
-67.13 -62.26 -75.37 97.55 92.92 83.36 0 Plant
-52.89 80.96 -61.78 109.73 109.06 61.6 0 Plant
61.88 76.94 -54.27 86.75 90.15 97.66 0 Plant
