-143.57 -77.98 -68.03 93.66 32.0 45.29 0 Embryonic_leaf
-66.96 -65.27 -90.94 107.62 45.1 21.69 0 Embryonic_leaf
-25.08 -88.31 -86.7 66.91 104.01 24.09 0 Embryonic_leaf
19.05 -49.02 -70.35 27.17 96.58 60.08 0 Embryonic_leaf
60.4 -70.52 -85.86 37.35 112.25 69.31 0 Embryonic_leaf
133.02 -82.19 -92.68 87.43 92.93 46.81 0 Embryonic_leaf
-58.09 78.71 -90.49 44.38 97.35 63.4 0 Embryonic_leaf
21.08 56.71 -87.49 26.74 122.68 53.14 0 Embryonic_leaf
-151.24 52.04 -97.87 72.34 86.68 45.57 0 Embryonic_leaf
-86.02 29.04 -85.09 81.36 64.68 30.02 0 Embryonic_leaf
-92.26 63.26 -65.68 104.9 50.45 56.63 0 Embryonic_leaf
-192.14 46.54 -75.23 29.23 46.34 21.59 0 Embryonic_leaf
84.85 75.64 -97.02 99.54 57.87 43.11 0 Embryonic_leaf
197.85 69.63 -86.94 33.74 103.87 63.91 0 Embryonic_leaf
141.9 63.97 -94.96 88.34 74.54 48.25 0 Embryonic_leaf
126.71 87.53 -95.84 42.76 80.56 49.42 0 Embryonic_leaf
-73.43 -65.01 -85.45 7.9 9.48 12.98 0 Embryonic_leaf
-23.29 -85.38 -83.82 8.37 4.0 10.46 0 Embryonic_leaf
49.11 -71.38 -81.23 18.51 13.33 17.28 0 Embryonic_leaf
123.98 -74.24 -82.88 17.4 16.38 23.31 0 Embryonic_leaf
186.07 -58.68 -107.44 13.81 33.25 20.6 0 Embryonic_leaf
-143.57 -77.98 -68.03 93.66 32.0 45.29 0 Plant
-66.96 -65.27 -90.37 107.62 45.1 22.82 0 Plant
-25.08 -88.31 -86.7 66.91 104.01 24.09 0 Plant
19.05 -49.02 -70.35 27.17 96.58 60.08 0 Plant
59.46 -70.52 -85.86 39.23 112.25 69.31 0 Plant
133.02 -82.19 -92.68 87.43 92.93 46.81 0 Plant
-58.09 78.71 -90.49 44.38 97.35 63.4 0 Plant
21.08 56.71 -87.49 26.74 122.68 53.14 0 Plant
-151.24 52.04 -97.87 72.34 86.68 45.57 0 Plant
-86.02 29.04 -85.09 81.36 64.68 30.02 0 Plant
-92.26 63.26 -65.68 104.9 50.45 56.63 0 Plant
-192.14 46.54 -75.23 29.23 46.34 21.59 0 Plant
84.85 75.64 -97.02 99.54 57.87 43.11 0 Plant
197.85 69.63 -86.94 33.74 103.87 63.91 0 Plant
141.9 63.97 -94.96 88.34 74.54 48.25 0 Plant
126.71 87.53 -95.84 42.76 80.56 49.42 0 Plant
186.07 -58.68 -107.44 13.81 33.25 20.6 0 Plant
