-150.33 -97.99 -92.82 35.21 35.64 30.1 0 Embryonic_leaf
-91.45 -99.33 -78.63 65.44 39.64 36.65 0 Embryonic_leaf
-73.31 -108.33 -113.25 42.32 43.62 17.55 0 Embryonic_leaf
36.38 -113.65 -82.83 57.35 30.96 36.72 0 Embryonic_leaf
99.85 -112.15 -91.01 46.37 36.62 35.47 0 Embryonic_leaf
151.04 -78.41 -85.62 32.54 29.52 34.95 0 Embryonic_leaf
194.62 -92.84 -90.56 41.33 45.95 22.51 0 Embryonic_leaf
223.87 83.95 -83.78 30.63 29.3 34.98 0 Embryonic_leaf
130.35 83.72 -91.7 43.38 35.07 42.26 0 Embryonic_leaf
89.66 77.2 -87.15 42.49 33.12 36.93 0 Embryonic_leaf
56.79 81.86 -98.55 29.69 29.12 18.57 0 Embryonic_leaf
9.0 76.03 -90.94 48.71 28.12 32.21 0 Embryonic_leaf
-70.2 79.93 -89.95 42.3 38.98 55.87 0 Embryonic_leaf
-117.84 69.54 -95.55 43.61 32.44 60.02 0 Embryonic_leaf
-160.29 89.19 -103.49 35.32 25.13 31.67 0 Embryonic_leaf
-150.33 -97.99 -92.82 35.21 35.64 30.1 0 Plant
-91.45 -99.33 -78.63 65.44 39.64 36.65 0 Plant
-73.31 -108.33 -113.25 42.32 43.62 17.55 0 Plant
36.38 -113.65 -82.83 57.35 30.96 36.72 0 Plant
99.85 -112.15 -91.01 46.37 36.62 35.47 0 Plant
151.04 -78.41 -85.62 32.54 29.52 34.95 0 Plant
194.62 -92.84 -90.56 41.33 45.95 22.51 0 Plant
223.87 83.95 -83.78 30.63 29.3 34.98 0 Plant
130.35 83.72 -91.7 43.38 35.07 42.26 0 Plant
89.66 77.2 -87.15 42.49 33.12 36.93 0 Plant
56.79 81.86 -98.55 29.69 29.12 18.57 0 Plant
9.0 76.03 -90.94 48.71 28.12 32.21 0 Plant
-70.2 79.93 -89.95 42.3 38.98 55.87 0 Plant
-117.84 69.54 -95.55 43.61 32.44 60.02 0 Plant
-160.29 89.19 -103.49 35.32 25.13 31.67 0 Plant
