-45.16 -82.41 -108.73 20.85 15.98 13.03 0 Embryonic_leaf
-71.34 -72.71 -82.04 81.59 64.66 35.74 0 Leaf
-52.87 -80.42 -97.43 18.57 17.31 11.94 0 Petiole
82.7 -108.38 -83.85 92.5 61.26 19.19 0 Leaf
75.65 -111.05 -100.64 16.33 19.98 9.51 0 Embryonic_leaf
76.92 -115.37 -95.87 1.51 0.67 4.51 0 Stem
79.35 -112.3 -89.44 23.66 13.48 7.82 0 Petiole
-168.7 88.71 -107.77 14.25 14.65 10.06 0 Embryonic_leaf
-164.34 100.31 -87.99 75.24 40.39 33.35 0 Leaf
-168.65 93.32 -96.55 17.51 6.1 10.11 0 Petiole
-177.69 88.24 -118.77 3.38 1.33 9.9 0 Stem
59.19 73.99 -108.5 21.77 12.5 9.8 0 Embryonic_leaf
64.6 75.06 -92.22 48.25 88.56 35.73 0 Leaf
61.05 71.19 -96.15 10.01 22.4 9.41 0 Petiole
111.69 82.39 -61.36 50.71 39.29 35.67 0 Leaf
118.46 74.56 -79.85 7.68 3.66 8.34 0 Petiole
117.67 68.74 -93.18 7.23 17.31 5.86 0 Embryonic_leaf
206.88 41.19 -79.47 56.81 89.73 55.31 0 Leaf
223.36 40.6 -92.53 15.96 13.65 8.34 0 Embryonic_leaf
217.72 36.78 -80.26 15.67 27.97 9.73 0 Petiole
116.49 -96.51 -67.6 48.73 37.07 31.9 0 Leaf
160.78 -100.73 -85.34 16.68 23.31 12.08 0 Embryonic_leaf
176.29 -94.73 -62.44 92.62 79.24 41.77 0 Leaf
164.14 -98.89 -69.39 23.27 17.65 16.14 0 Petiole
209.84 -70.1 -57.86 46.32 67.25 51.4 0 Leaf
214.64 -104.67 -90.55 20.93 17.42 13.09 0 Embryonic_leaf
216.6 -94.29 -78.52 5.68 15.76 7.09 0 Petiole
-49.14 97.24 -95.4 20.4 25.04 26.84 0 Leaf
-122.11 85.38 -87.67 42.29 33.29 27.84 0 Leaf
-124.75 80.91 -105.9 9.19 13.33 18.74 0 Embryonic_leaf
-71.34 -72.71 -89.71 81.59 64.66 51.07 0 Plant
82.7 -108.38 -89.83 92.5 61.26 31.14 0 Plant
-164.34 100.31 -97.52 75.24 40.39 52.4 0 Plant
64.6 75.06 -93.88 48.25 88.56 39.05 0 Plant
111.69 81.06 -69.82 50.71 41.95 52.59 0 Plant
206.88 41.19 -79.47 56.81 89.73 55.31 0 Plant
157.36 -94.73 -66.47 130.47 79.24 49.83 0 Plant
209.84 -74.92 -64.63 46.32 76.91 64.93 0 Plant
-49.14 97.24 -95.4 20.4 25.04 26.84 0 Plant
-122.11 85.38 -94.51 42.29 33.29 41.52 0 Plant
