-62.89 -167.88 -67.27 108.61 64.03 23.94 0 Leaf
-0.34 -78.66 -14.37 133.17 124.09 65.57 0 Leaf
-196.86 -39.74 -40.75 132.57 139.71 34.92 0 Leaf
-151.59 -95.11 -8.72 94.14 115.01 71.87 0 Leaf
-112.06 -100.69 -39.36 14.91 3.76 51.52 0 Petiole
-95.65 -104.28 -65.78 7.59 22.87 38.28 0 Petiole
-122.57 -80.91 -81.46 41.34 25.19 31.1 0 Petiole
-79.84 -134.8 -90.06 12.93 28.77 17.86 0 Petiole
-124.24 -122.9 -125.3 47.36 40.89 19.43 0 Embryonic_leaf
-51.68 -101.81 -32.86 16.63 3.64 14.92 0 Petiole
-98.45 -84.89 -53.9 329.39 230.01 162.22 0 Plant
131.88 -71.0 -82.55 158.54 254.6 165.73 0 Plant
86.25 93.49 -53.93 262.47 178.84 152.86 0 Plant
-103.03 94.75 -31.8 245.33 181.63 184.55 0 Plant
