138.99 94.37 -90.78 67.0 74.14 31.66 0 Leaf
185.42 68.83 -99.43 14.57 10.33 17.01 0 Leaf
76.94 78.87 -87.93 19.33 13.36 12.54 0 Leaf
14.47 91.79 -92.42 76.49 79.3 35.92 0 Leaf
-140.82 97.91 -65.81 86.7 84.85 27.6 0 Leaf
-80.76 66.08 -70.41 28.28 34.55 39.17 0 Leaf
-172.87 -63.77 -78.35 79.08 76.83 34.52 0 Leaf
-119.98 -108.97 -68.18 29.76 38.42 34.93 0 Leaf
61.98 -92.31 -80.99 69.72 84.16 40.98 0 Leaf
10.37 -84.56 -87.39 12.5 9.87 13.75 0 Leaf
1.82 -74.79 -110.59 62.15 117.58 27.6 0 Embryonic_leaf
-134.52 -92.58 -112.45 96.0 99.39 35.41 0 Embryonic_leaf
189.49 88.67 -119.93 55.17 79.74 13.52 0 Embryonic_leaf
66.17 89.36 -119.53 48.78 109.54 42.61 0 Embryonic_leaf
-94.96 77.93 -107.27 47.32 137.08 33.0 0 Embryonic_leaf
164.65 81.35 -109.88 17.29 12.02 15.9 0 Petiole
49.68 81.69 -98.03 16.0 5.65 10.62 0 Petiole
61.82 78.55 -99.98 10.92 5.6 7.7 0 Petiole
29.36 -91.16 -94.62 18.82 8.68 25.6 0 Petiole
-148.32 -87.15 -85.79 21.3 20.71 17.94 0 Petiole
-110.0 77.36 -79.75 31.71 17.04 23.33 0 Petiole
161.29 90.12 -100.82 111.59 82.64 51.73 0 Plant
33.39 89.36 -107.64 114.35 109.54 66.38 0 Plant
-125.39 77.93 -87.3 117.55 137.08 72.95 0 Plant
-149.46 -83.81 -90.43 125.89 116.92 79.44 0 Plant
33.79 -75.2 -92.44 126.1 118.39 63.89 0 Plant
