-44.09 -57.12 -83.86 35.18 99.31 20.96 0 Embryonic_leaf
119.37 -37.37 -97.96 41.03 77.03 16.9 0 Embryonic_leaf
135.73 129.78 -103.42 102.67 39.71 39.19 0 Embryonic_leaf
125.99 98.44 -36.34 135.17 45.82 29.38 0 Leaf
130.83 161.86 -59.1 100.82 75.71 31.04 0 Leaf
-78.96 175.15 -32.32 149.61 49.69 37.17 0 Leaf
-133.59 93.64 -50.23 119.81 99.25 32.61 0 Leaf
-7.01 -19.11 -18.71 96.99 130.83 42.89 0 Leaf
138.35 -55.08 -28.2 99.03 102.71 37.08 0 Leaf
73.96 -17.95 -67.28 66.97 70.73 20.76 0 Leaf
-104.09 -40.51 -52.74 94.49 110.6 36.28 0 Leaf
-86.77 112.74 -99.67 97.01 65.04 40.99 0 Embryonic_leaf
-63.36 -45.01 -58.71 21.45 3.32 15.47 0 Petiole
-104.7 107.83 -56.62 14.82 15.08 19.77 0 Petiole
107.52 -33.39 -78.08 12.19 6.64 12.73 0 Petiole
128.16 122.48 -76.21 7.35 4.38 9.39 0 Petiole
-32.25 -42.67 -53.07 10.97 4.65 18.97 0 Petiole
-89.18 132.37 -66.63 5.67 24.7 27.33 0 Petiole
-90.82 116.04 -61.92 5.39 18.59 33.08 0 Leaf
-54.92 -30.23 -45.8 192.82 153.08 97.07 0 Plant
114.17 -44.51 -58.03 147.39 123.85 96.75 0 Plant
125.99 137.62 -72.33 135.17 124.19 101.37 0 Plant
-98.82 122.0 -66.95 189.34 155.97 106.44 0 Plant
