-89.96 111.2 -87.1 106.66 61.5 25.67 0 Embryonic_leaf
-45.91 -45.86 -74.42 42.37 114.56 20.88 0 Embryonic_leaf
122.87 -47.85 -89.43 32.9 65.02 8.51 0 Embryonic_leaf
131.01 135.89 -89.36 112.63 39.71 23.74 0 Embryonic_leaf
-100.16 163.16 -20.81 127.19 73.64 54.39 0 Leaf
-114.05 96.15 -58.24 54.13 51.35 19.65 0 Leaf
-36.41 -5.28 -23.5 106.91 85.29 51.09 0 Leaf
-75.72 -57.6 -64.74 44.15 43.17 11.77 0 Leaf
117.94 107.53 -53.8 83.0 35.25 26.62 0 Leaf
136.06 -27.32 -54.63 67.35 82.14 25.81 0 Leaf
133.07 144.88 -63.97 37.6 25.72 22.42 0 Leaf
100.34 -34.47 -72.08 15.67 23.94 21.0 0 Leaf
-65.7 -55.17 -70.87 30.97 16.12 8.89 0 Petiole
-92.36 115.74 -74.49 4.12 3.52 10.21 0 Petiole
133.14 133.18 -76.45 9.73 9.41 7.26 0 Petiole
-100.16 135.23 -46.77 127.19 129.52 106.33 0 Plant
-40.37 -32.89 -41.41 114.84 140.5 86.91 0 Plant
131.12 -33.3 -67.71 77.23 94.11 51.96 0 Plant
131.01 123.82 -70.86 112.63 67.84 60.75 0 Plant
