-161.83 -56.41 -9.45 107.34 105.62 30.88 0 Leaf
-187.61 135.24 -7.95 107.45 106.28 28.74 0 Leaf
33.29 118.15 9.56 93.28 134.87 45.59 0 Leaf
-96.03 -4.16 -27.51 67.77 72.21 20.14 0 Leaf
-72.94 122.78 -17.08 117.11 145.14 27.7 0 Leaf
-123.68 86.27 -28.34 71.04 75.35 25.25 0 Leaf
5.1 111.34 -63.75 77.8 177.3 41.63 0 Embryonic_leaf
-126.87 -26.35 -72.46 137.13 132.75 52.0 0 Embryonic_leaf
-166.33 115.31 -59.87 114.77 168.73 33.7 0 Embryonic_leaf
-17.95 121.7 -27.25 40.09 60.95 23.35 0 Leaf
-124.18 -28.64 -43.89 11.9 17.67 13.29 0 Leaf
1.21 130.74 -91.24 25.33 19.26 116.5 0 Stem
145.24 -42.41 -60.07 189.37 190.56 113.44 0 Plant
129.32 112.39 -68.99 141.18 148.27 95.15 0 Plant
-164.75 115.31 -35.15 153.18 168.73 83.15 0 Plant
-136.9 -34.6 -46.24 157.19 149.24 104.45 0 Plant
-25.78 111.34 -58.57 211.42 177.3 181.84 0 Plant
