-17.68 102.12 -52.19 68.51 83.0 19.69 0 Leaf
141.47 89.34 -82.1 34.49 18.37 23.46 0 Leaf
2.36 13.37 -42.17 100.61 78.15 48.83 0 Leaf
146.44 -9.34 -65.02 85.67 60.78 47.26 0 Leaf
-152.8 121.99 -71.52 61.88 43.91 37.33 0 Leaf
-174.8 -20.67 -61.96 63.36 59.68 39.08 0 Leaf
-168.13 108.58 -92.28 77.79 129.5 63.7 0 Embryonic_leaf
-206.15 -21.97 -80.05 77.33 134.13 68.3 0 Embryonic_leaf
-8.24 -58.54 -83.5 135.47 81.03 81.96 0 Embryonic_leaf
138.36 -54.37 -109.33 96.22 96.06 37.85 0 Embryonic_leaf
151.11 88.06 -82.79 119.18 71.24 63.36 0 Embryonic_leaf
12.94 107.56 -73.89 96.26 151.58 72.37 0 Embryonic_leaf
0.97 -57.93 -72.28 36.85 31.73 31.2 0 Leaf
135.95 -62.78 -94.13 22.69 20.71 19.04 0 Leaf
3.25 -45.68 -100.06 7.68 9.22 20.18 0 Petiole
24.25 111.88 -123.75 13.04 4.01 37.94 0 Stem
-204.05 -27.91 -94.58 13.64 6.01 29.96 0 Petiole
142.27 103.53 -121.69 1.92 2.0 9.6 0 Stem
140.94 -49.58 -109.78 3.44 3.01 10.79 0 Petiole
5.51 105.54 -68.64 6.7 2.0 15.15 0 Petiole
-175.38 103.53 -102.42 24.83 15.36 16.76 0 Leaf
29.64 115.89 -78.03 17.36 18.7 6.86 0 Leaf
142.03 -43.63 -111.77 6.13 9.13 13.37 0 Petiole
4.57 107.56 -90.21 113.0 151.58 105.02 0 Plant
151.11 88.06 -88.8 119.18 71.24 75.38 0 Plant
-8.24 -23.31 -71.11 135.47 151.5 106.72 0 Plant
139.76 -40.68 -84.82 99.03 123.45 86.87 0 Plant
-164.44 108.58 -88.49 85.16 129.5 71.27 0 Plant
-193.97 -21.97 -78.31 101.7 134.13 71.79 0 Plant
