-47.27 149.8 -19.25 78.32 79.5 40.84 0 Leaf
-184.62 124.75 -36.24 88.14 65.47 31.01 0 Leaf
-165.52 -41.6 -29.61 88.88 84.18 60.69 0 Leaf
100.31 7.1 -35.26 96.91 52.25 53.48 0 Leaf
140.04 -46.3 -75.38 21.99 23.82 29.59 0 Leaf
-131.41 91.85 -60.62 28.17 25.05 10.8 0 Leaf
16.82 129.93 -43.9 25.57 44.43 49.34 0 Leaf
132.34 -32.81 -85.98 128.93 148.77 93.16 0 Embryonic_leaf
5.02 119.87 -51.82 76.26 160.25 64.13 0 Embryonic_leaf
-117.36 -11.54 -59.6 25.14 21.38 11.7 0 Leaf
-121.25 -11.21 -46.51 89.08 108.9 79.47 0 Embryonic_leaf
-169.22 111.06 -55.8 95.15 148.98 65.38 0 Embryonic_leaf
123.29 -22.1 -82.99 23.24 28.32 37.39 0 Petiole
-15.35 133.37 -55.74 18.69 7.79 23.38 0 Petiole
1.81 118.45 -90.22 7.68 32.29 31.86 0 Petiole
130.31 -37.76 -96.28 5.1 3.67 11.48 0 Petiole
-166.52 89.01 -79.53 18.44 14.03 23.89 0 Petiole
-134.9 -26.91 -73.16 8.39 6.68 21.05 0 Petiole
-131.84 -23.56 -75.87 5.93 6.68 13.27 0 Petiole
-117.89 -30.25 -82.83 9.36 4.01 17.87 0 Petiole
-139.19 -14.88 -88.62 12.23 16.03 15.1 0 Petiole
-150.34 98.45 -70.95 7.69 3.51 16.7 0 Petiole
0.43 135.18 -83.06 8.43 5.5 41.67 0 Petiole
-143.34 -20.22 -47.72 133.26 126.94 96.9 0 Plant
-173.01 111.06 -56.11 111.37 148.98 70.74 0 Plant
-21.64 119.87 -52.49 129.58 160.25 107.31 0 Plant
128.3 107.72 -77.84 100.34 98.21 109.62 0 Plant
124.33 -32.81 -70.54 144.94 148.77 124.04 0 Plant
