62.29 -81.05 -86.92 104.67 158.26 33.97 0 Embryonic_leaf
57.15 -79.11 -67.07 47.1 62.05 47.46 0 Leaf
88.19 -8.57 -27.45 102.84 118.41 96.12 0 Leaf
73.65 -74.0 -101.63 28.84 41.24 41.83 0 Petiole
80.97 -68.18 -131.91 2.05 2.99 13.46 0 Stem
8.63 91.76 -75.98 121.21 178.53 55.36 0 Embryonic_leaf
7.52 143.45 7.54 79.82 112.97 62.59 0 Leaf
-167.53 -44.62 -58.56 129.59 197.99 75.45 0 Embryonic_leaf
-134.73 -40.67 2.66 95.51 133.38 72.63 0 Leaf
-228.38 24.36 -0.05 166.85 161.66 51.27 0 Embryonic_leaf
-254.15 135.45 8.65 119.39 108.44 120.42 0 Leaf
-175.2 163.7 -18.64 109.76 72.46 46.45 0 Leaf
-146.99 87.72 -71.23 105.4 63.53 54.04 0 Embryonic_leaf
-196.98 -15.73 -27.88 10.08 14.97 18.76 0 Petiole
-172.26 -73.7 -69.51 13.25 19.82 33.6 0 Petiole
81.48 -62.91 -93.4 12.1 21.72 36.87 0 Petiole
-182.94 -49.45 -34.21 37.52 51.3 63.08 0 Leaf
74.79 -54.78 -59.02 129.65 210.82 159.26 0 Plant
8.63 101.21 -32.41 121.21 197.44 142.49 0 Plant
-199.39 -19.22 -28.65 224.82 248.8 135.26 0 Plant
-204.07 127.94 -14.69 219.55 143.98 167.1 0 Plant
-44.85 144.47 -26.2 90.9 111.02 184.29 0 Plant
