-80.14 164.97 -26.18 120.82 69.89 39.38 0 Leaf
-25.02 -27.85 -27.0 74.87 78.87 37.94 0 Leaf
128.35 109.04 -56.03 90.19 24.71 27.79 0 Leaf
125.3 -13.86 -54.57 50.93 55.44 38.84 0 Leaf
-41.73 -44.42 -69.52 37.59 103.19 26.68 0 Embryonic_leaf
-88.56 111.12 -78.14 95.48 61.51 26.41 0 Embryonic_leaf
129.91 129.6 -88.56 117.48 38.35 28.28 0 Embryonic_leaf
-103.67 102.16 -61.59 36.5 29.12 29.89 0 Leaf
-86.02 126.96 -70.91 6.06 15.03 25.36 0 Petiole
-37.53 -42.9 -53.67 0.98 0.67 2.0 0 Petiole
128.44 123.93 -78.76 1.63 3.4 8.21 0 Petiole
131.26 136.42 -73.67 10.59 11.35 9.55 0 Leaf
-61.4 -44.92 -63.09 25.01 20.04 14.08 0 Leaf
125.04 -41.08 -83.81 38.5 65.79 22.37 0 Embryonic_leaf
-80.14 140.14 -48.92 120.82 119.55 84.86 0 Plant
-30.74 -42.21 -45.44 86.33 107.6 74.83 0 Plant
129.91 122.73 -72.42 117.48 52.1 60.56 0 Plant
125.3 -30.05 -65.07 50.93 87.83 59.84 0 Plant
