-188.81 105.94 5.02 161.1 170.52 98.26 0 Leaf
-92.44 29.95 -75.13 56.35 96.79 43.29 0 Embryonic_leaf
-80.56 80.29 -8.83 73.23 82.22 46.56 0 Leaf
-60.54 129.03 -56.83 175.5 141.89 95.22 0 Leaf
-1.5 -98.96 -37.07 123.66 130.87 63.29 0 Leaf
82.65 -75.68 -97.7 95.87 187.42 57.02 0 Embryonic_leaf
149.04 -56.32 -44.86 159.67 188.36 55.29 0 Leaf
55.77 -100.63 -50.59 21.75 10.67 35.34 0 Petiole
81.3 -59.96 -113.63 20.47 30.4 13.62 0 Petiole
-121.07 90.76 -25.15 296.57 218.42 158.6 0 Plant
82.77 -65.77 -65.82 292.21 207.25 120.79 0 Plant
