-89.87 122.54 -92.18 144.01 79.86 20.16 0 Embryonic_leaf
-65.09 111.86 -103.05 18.67 12.71 17.63 0 Petiole
-88.0 120.55 -36.29 35.38 37.27 11.27 0 Leaf
-110.69 157.85 -30.24 129.34 84.26 50.55 0 Leaf
-81.16 52.67 -22.8 116.39 111.81 42.47 0 Leaf
-77.02 89.27 -46.27 14.62 31.94 48.08 0 Petiole
-80.37 106.24 -46.88 1.7 2.0 14.65 0 Petiole
159.59 96.21 -97.3 69.68 207.41 49.39 0 Embryonic_leaf
181.9 150.03 -26.45 68.4 99.77 59.93 0 Leaf
86.07 153.93 -69.47 123.48 91.62 81.13 0 Leaf
97.9 106.24 -24.39 108.3 115.13 44.22 0 Leaf
6.67 -58.27 -101.16 213.8 75.47 36.15 0 Embryonic_leaf
-26.25 35.36 17.02 124.41 129.11 40.74 0 Leaf
39.76 34.36 -35.8 139.23 143.09 67.82 0 Leaf
3.91 -84.43 0.79 60.84 67.88 52.9 0 Leaf
32.17 -94.99 -18.07 110.88 98.66 71.22 0 Leaf
29.71 -49.49 -45.29 33.96 53.91 51.87 0 Petiole
163.06 110.9 -24.13 38.23 32.61 15.62 0 Leaf
-78.47 103.08 -88.5 11.25 25.62 107.65 0 Stem
5.09 -52.48 -49.85 13.19 25.29 100.85 0 Stem
151.9 96.42 -50.25 11.43 9.65 75.08 0 Petiole
156.2 70.97 -95.92 2.92 12.64 19.76 0 Petiole
1.01 -35.51 29.23 33.21 21.96 29.62 0 Leaf
22.57 -38.84 -68.63 20.68 16.64 5.81 0 Leaf
-96.61 98.37 -71.95 157.5 203.22 140.76 0 Plant
120.22 96.21 -59.24 191.76 207.41 125.51 0 Plant
6.67 -19.21 -37.6 213.8 250.23 163.28 0 Plant
