-138.19 -81.97 -121.29 66.95 127.63 28.69 0 Embryonic_leaf
-157.07 105.92 -91.0 116.28 59.1 36.35 0 Embryonic_leaf
-33.17 -71.2 -60.15 61.52 82.8 21.35 0 Leaf
94.53 -73.66 -108.83 46.53 93.71 43.68 0 Embryonic_leaf
-43.02 96.28 -103.36 96.27 82.38 35.69 0 Embryonic_leaf
85.42 88.88 -43.13 78.84 61.82 53.55 0 Leaf
-27.8 -133.85 -69.79 93.67 57.13 35.18 0 Leaf
-45.65 97.28 -59.54 40.56 32.49 20.39 0 Leaf
147.98 110.03 -55.32 39.11 35.58 15.65 0 Leaf
90.42 -86.33 -68.34 14.69 13.97 16.8 0 Leaf
125.91 80.6 -64.59 28.26 19.29 21.62 0 Petiole
-159.08 105.21 -76.24 5.74 7.32 20.85 0 Petiole
110.82 -102.58 -86.28 27.46 22.52 13.83 0 Petiole
-20.69 -99.91 -79.36 3.96 35.14 22.95 0 Petiole
-132.09 -84.5 -104.57 15.37 5.65 14.07 0 Petiole
-116.81 -82.34 -101.31 13.8 8.65 19.96 0 Petiole
-157.8 -85.96 -81.5 39.28 58.46 27.76 0 Leaf
-35.53 78.75 -76.33 4.43 5.7 13.84 0 Petiole
-30.51 -64.81 -100.11 133.78 52.87 17.56 0 Embryonic_leaf
-22.72 -80.01 -80.2 6.22 9.31 23.5 0 Petiole
-103.58 -86.33 -86.23 15.6 35.25 10.25 0 Leaf
-177.79 93.62 -48.03 50.95 63.75 35.06 0 Leaf
-31.58 38.75 -72.14 80.13 57.77 46.55 0 Leaf
145.89 115.52 -89.61 67.79 83.8 28.2 0 Embryonic_leaf
127.62 -104.12 -86.65 59.05 55.53 33.31 0 Leaf
-29.54 60.32 -71.97 7.06 21.28 22.87 0 Petiole
-155.06 122.22 -65.77 1.17 6.55 4.66 0 Leaf
-136.61 -81.97 -101.63 81.65 127.63 68.01 0 Plant
-157.07 98.61 -69.84 116.28 73.73 78.68 0 Plant
-30.51 -96.11 -79.19 133.78 132.62 59.41 0 Plant
114.2 -79.35 -95.31 85.87 105.08 70.73 0 Plant
-41.34 73.66 -85.04 99.63 127.61 72.34 0 Plant
112.89 107.7 -60.03 133.78 99.45 87.35 0 Plant
