-3.34 41.09 -34.8 96.39 101.15 55.97 0 Leaf
54.98 -41.25 -105.39 116.37 74.96 48.94 0 Leaf
42.76 140.11 -68.9 112.35 119.22 72.12 0 Leaf
-200.13 -124.94 -14.71 127.33 121.28 66.95 0 Leaf
-100.79 -167.23 -95.85 121.17 65.51 29.11 0 Leaf
47.7 63.6 -121.43 117.19 39.19 38.04 0 Embryonic_leaf
-144.52 19.16 -52.58 136.9 130.74 71.24 0 Leaf
-90.83 -78.74 -48.35 66.88 91.6 63.91 0 Leaf
-116.54 -84.88 -117.44 72.65 25.57 57.52 0 Embryonic_leaf
-145.33 -101.63 -53.46 25.58 31.19 32.71 0 Petiole
-123.23 -88.21 -51.14 24.21 3.6 33.57 0 Petiole
-131.99 -62.31 -70.51 10.8 48.12 18.91 0 Petiole
54.6 16.92 -96.46 11.31 69.43 12.34 0 Petiole
36.89 40.69 -62.54 15.0 5.31 32.03 0 Petiole
52.64 62.94 -86.34 7.63 27.25 16.78 0 Petiole
-129.5 -95.92 -52.5 15.48 16.23 30.48 0 Leaf
-122.78 -120.71 -89.26 3.7 9.62 4.22 0 Leaf
-133.48 -107.93 -78.34 10.58 18.58 11.87 0 Petiole
-120.95 -87.39 -87.26 9.07 14.0 18.91 0 Leaf
66.39 48.19 -63.51 23.43 22.9 37.65 0 Leaf
30.81 60.49 -73.63 164.69 278.45 133.64 0 Plant
-152.0 -57.73 -63.72 223.59 284.52 164.96 0 Plant
