107.87 152.09 -52.33 101.47 95.8 51.05 0 Leaf
98.11 19.07 -34.28 116.96 93.12 43.95 0 Leaf
138.35 -70.0 -63.92 93.0 87.15 43.29 0 Leaf
129.05 67.16 -57.3 95.13 80.74 40.73 0 Leaf
160.03 -65.55 -94.77 161.17 153.27 39.26 0 Embryonic_leaf
127.28 93.77 -96.92 150.54 116.66 40.04 0 Embryonic_leaf
128.67 -13.69 -64.48 33.55 27.61 64.33 0 Petiole
135.94 -43.73 -75.06 5.38 11.97 30.25 0 Petiole
124.09 -21.94 -68.01 28.64 31.27 14.35 0 Leaf
126.17 109.61 -66.57 17.73 19.29 12.26 0 Leaf
123.43 108.2 -90.29 3.34 2.66 4.72 0 Petiole
140.12 -38.28 -63.35 200.99 207.81 102.09 0 Plant
116.88 113.39 -59.73 119.48 173.2 65.85 0 Plant
-51.65 112.39 -41.18 196.71 175.19 191.87 0 Plant
-152.74 -24.27 -47.83 198.87 167.31 101.0 0 Plant
-163.56 123.28 -29.9 204.22 153.07 137.3 0 Plant
