-127.57 -73.39 -66.33 25.52 27.22 27.3 0 Leaf
-105.38 -149.81 -88.64 89.86 88.19 44.3 0 Leaf
36.26 33.51 -86.1 65.93 42.08 32.41 0 Leaf
-120.31 -76.0 -93.11 135.87 43.46 21.64 0 Embryonic_leaf
44.58 72.29 -95.14 121.16 35.32 26.34 0 Embryonic_leaf
-115.36 -107.57 -79.11 15.07 36.19 20.56 0 Petiole
50.5 64.46 -93.46 5.71 5.57 9.98 0 Leaf
50.93 53.88 -96.2 8.08 18.7 11.68 0 Petiole
61.54 75.88 -97.4 4.4 3.64 2.48 0 Petiole
-120.31 -124.09 -81.74 135.87 139.63 58.11 0 Plant
44.58 51.21 -89.1 121.16 77.48 38.41 0 Plant
