-135.6 -88.0 -131.01 66.03 104.93 39.22 0 Embryonic_leaf
-154.51 99.55 -100.03 98.55 56.8 39.85 0 Embryonic_leaf
-37.27 91.59 -104.29 95.81 72.81 50.85 0 Embryonic_leaf
137.42 96.71 -97.29 80.2 63.29 40.77 0 Embryonic_leaf
77.46 -100.86 -97.38 59.79 73.77 10.29 0 Embryonic_leaf
-128.65 -58.45 -74.13 39.71 36.18 26.76 0 Leaf
-88.1 -71.67 -70.24 37.41 35.01 18.61 0 Leaf
-138.18 120.82 -51.44 43.18 46.13 22.04 0 Leaf
-208.84 95.15 -40.35 87.02 53.83 52.25 0 Leaf
-61.82 131.35 -59.66 97.92 80.49 41.08 0 Leaf
123.59 135.87 -51.52 95.03 81.55 45.35 0 Leaf
-36.55 46.44 -38.68 100.18 62.52 87.25 0 Leaf
67.32 42.17 -78.35 95.0 81.91 46.05 0 Leaf
55.3 -65.6 -66.68 80.44 77.75 39.17 0 Leaf
119.21 -64.97 -45.14 107.06 40.57 43.39 0 Leaf
126.8 60.78 -48.64 12.61 33.32 18.31 0 Leaf
-163.28 85.74 -59.13 11.62 18.53 41.72 0 Petiole
-23.25 61.74 -66.46 6.35 11.97 22.08 0 Petiole
-43.78 92.02 -62.19 17.58 21.54 24.12 0 Petiole
130.43 99.49 -52.18 1.39 8.98 7.57 0 Petiole
81.15 -78.94 -74.29 18.67 8.65 21.38 0 Petiole
106.53 -90.78 -78.46 25.54 6.25 23.62 0 Petiole
132.4 78.54 -71.58 1.48 4.99 14.56 0 Petiole
-114.21 -75.24 -91.8 16.93 13.23 24.42 0 Petiole
-119.0 -88.0 -105.68 99.23 104.93 89.87 0 Plant
-178.8 106.06 -67.09 147.12 75.65 105.72 0 Plant
-48.62 93.39 -62.38 124.31 156.42 134.66 0 Plant
98.67 88.93 -73.26 157.7 175.44 88.83 0 Plant
93.91 -82.23 -62.99 157.67 111.01 79.09 0 Plant
