128.85 -69.23 -125.66 100.29 60.85 30.51 0 Embryonic_leaf
79.37 -140.14 -90.53 99.37 88.26 56.01 0 Leaf
104.07 -93.08 -64.02 28.84 32.47 25.64 0 Leaf
110.99 -107.98 -91.82 35.14 51.62 38.02 0 Petiole
122.64 -85.3 -92.73 14.63 6.6 27.49 0 Petiole
123.35 -24.97 -59.94 111.61 89.13 54.01 0 Leaf
-44.95 -131.13 -97.86 107.06 84.87 45.64 0 Leaf
17.7 -30.02 -70.74 91.3 79.56 29.89 0 Leaf
8.87 -67.08 -120.54 95.48 44.57 19.06 0 Embryonic_leaf
-2.92 -101.79 -99.49 30.28 37.91 22.22 0 Petiole
-194.81 -98.34 -54.05 103.54 92.47 44.26 0 Leaf
-144.25 -24.5 -56.6 74.38 59.21 23.41 0 Leaf
-148.83 -86.92 -70.76 29.11 25.72 42.18 0 Petiole
-129.34 -81.22 -115.95 105.43 82.17 50.32 0 Embryonic_leaf
-97.56 13.35 -84.51 112.33 120.26 44.63 0 Leaf
-200.69 55.8 -26.73 105.91 79.56 44.23 0 Leaf
-251.37 142.81 -88.16 109.86 99.79 49.8 0 Leaf
-233.76 92.06 -55.43 48.67 62.91 17.45 0 Leaf
-173.44 110.08 -110.54 41.17 50.83 24.48 0 Embryonic_leaf
133.27 161.25 -68.27 106.9 77.47 43.54 0 Leaf
35.26 74.88 -44.8 102.44 65.34 82.75 0 Leaf
143.99 32.05 -81.52 109.96 75.17 60.92 0 Leaf
129.11 82.03 -62.55 59.48 44.39 35.42 0 Leaf
141.04 107.23 -125.73 123.3 46.23 25.63 0 Embryonic_leaf
155.44 66.82 -88.74 11.19 39.91 44.13 0 Petiole
144.56 111.56 -89.96 5.45 25.61 23.76 0 Petiole
143.42 89.33 -92.48 7.8 2.44 20.05 0 Petiole
10.06 171.4 -83.86 124.66 57.18 58.63 0 Leaf
6.36 116.53 -57.92 57.54 55.22 19.88 0 Leaf
38.05 99.07 -122.27 109.17 77.5 31.64 0 Embryonic_leaf
28.52 126.8 -90.01 20.93 50.33 17.2 0 Petiole
-109.63 166.74 -77.24 120.61 66.5 37.92 0 Leaf
-115.67 113.54 -57.13 65.45 79.83 19.6 0 Leaf
-62.23 101.9 -118.22 83.01 91.14 19.67 0 Embryonic_leaf
-73.9 106.32 -27.38 104.88 87.81 93.11 0 Leaf
104.42 -82.34 -86.93 149.47 203.87 107.98 0 Plant
-17.56 -81.9 -92.94 161.83 183.32 74.28 0 Plant
-143.99 -35.55 -86.51 205.19 218.05 109.19 0 Plant
-227.02 104.36 -63.7 158.57 176.69 118.16 0 Plant
141.04 97.22 -91.69 123.3 205.53 93.7 0 Plant
20.18 121.1 -70.76 144.91 157.78 134.67 0 Plant
-95.33 128.16 -54.44 149.21 143.66 147.23 0 Plant
