-167.9 62.29 -26.53 145.58 96.27 40.36 0 Leaf
-130.71 -40.9 -44.7 96.12 52.78 51.22 0 Leaf
22.18 154.99 -32.61 92.79 48.5 58.58 0 Leaf
-122.3 -44.74 -83.38 105.67 93.87 14.6 0 Embryonic_leaf
45.44 112.46 -73.65 75.23 39.58 44.23 0 Embryonic_leaf
-151.33 5.37 -63.15 13.58 46.43 33.36 0 Petiole
-140.53 -25.33 -66.83 5.31 10.42 26.73 0 Petiole
37.4 131.5 -74.17 10.37 15.85 21.17 0 Petiole
53.39 113.78 -118.47 7.1 3.21 23.49 0 Stem
-155.08 9.38 -48.52 171.23 202.1 84.33 0 Plant
29.42 135.96 -66.77 107.27 86.57 126.9 0 Plant
