213.86 55.5 -92.95 78.78 76.09 43.37 0 Leaf
84.66 -97.02 -94.43 85.37 104.42 48.0 0 Leaf
-114.48 -140.3 -54.7 87.09 115.92 64.16 0 Leaf
-153.51 -101.27 -52.68 24.0 27.9 19.61 0 Leaf
-201.0 -58.09 -73.18 93.73 106.28 55.99 0 Leaf
-21.08 -85.33 -67.26 80.87 93.0 16.04 0 Leaf
-172.62 94.02 -71.85 105.71 114.26 42.09 0 Leaf
-113.76 86.94 -49.98 51.92 49.6 25.84 0 Leaf
-3.39 103.32 -83.06 102.27 98.31 35.97 0 Leaf
-53.64 54.25 -63.43 79.45 75.57 59.34 0 Leaf
99.52 62.26 -72.94 83.36 94.56 31.11 0 Leaf
132.96 109.21 -83.44 96.68 97.17 32.37 0 Leaf
180.49 67.24 -138.91 61.15 108.52 40.44 0 Embryonic_leaf
-128.69 -94.04 -117.58 79.78 95.5 42.17 0 Embryonic_leaf
10.19 -82.34 -126.94 43.1 106.95 39.31 0 Embryonic_leaf
64.56 67.2 -127.63 43.11 98.81 47.15 0 Embryonic_leaf
-96.12 65.79 -120.5 46.66 120.23 55.78 0 Embryonic_leaf
-121.29 -111.24 -61.35 11.85 11.96 28.3 0 Petiole
-139.39 -97.51 -80.68 16.78 9.74 26.92 0 Petiole
-153.66 -86.44 -80.09 35.4 19.49 24.31 0 Petiole
17.94 -86.47 -84.98 23.7 4.65 15.58 0 Petiole
168.24 79.65 -102.78 23.59 19.07 26.71 0 Petiole
187.25 63.93 -100.68 24.94 15.91 32.42 0 Petiole
68.77 74.54 -89.74 14.09 11.51 23.91 0 Petiole
55.03 79.91 -96.89 14.16 4.99 11.4 0 Petiole
45.04 -93.04 -93.02 43.1 16.46 27.83 0 Petiole
-87.39 63.14 -69.18 28.23 8.64 40.42 0 Petiole
-140.68 83.73 -65.09 20.19 5.98 13.07 0 Petiole
-98.9 68.12 -74.54 4.52 5.31 10.83 0 Petiole
60.48 73.87 -85.23 9.19 4.87 11.43 0 Leaf
180.04 68.45 -99.33 5.19 13.57 8.32 0 Leaf
168.93 85.39 -113.19 168.64 144.81 91.88 0 Plant
32.91 -89.05 -102.92 188.86 120.36 87.36 0 Plant
-159.4 -101.6 -80.64 176.93 193.3 116.04 0 Plant
-119.7 78.41 -91.07 211.57 145.48 114.63 0 Plant
43.34 83.73 -104.3 195.73 137.5 93.83 0 Plant
