-105.91 -161.21 -72.06 119.07 77.57 29.77 0 Leaf
-137.29 -45.7 -44.58 105.45 97.65 37.33 0 Leaf
61.25 83.0 -66.03 77.27 61.45 29.14 0 Leaf
31.26 8.77 -78.27 97.09 76.39 41.04 0 Leaf
-128.43 -102.77 -50.61 13.32 21.37 29.17 0 Leaf
-91.11 -79.95 -105.26 61.05 35.86 35.43 0 Embryonic_leaf
51.96 71.88 -111.88 123.53 41.85 30.92 0 Embryonic_leaf
24.45 39.4 -89.89 50.05 17.79 17.06 0 Petiole
-128.07 -104.49 -82.12 15.09 31.89 33.5 0 Petiole
-103.65 -130.13 -69.12 30.87 31.35 22.81 0 Stem
50.08 52.28 -90.38 3.14 2.66 4.69 0 Stem
-118.19 -98.44 -74.45 143.64 203.12 97.06 0 Plant
48.22 42.15 -89.4 131.02 143.15 75.89 0 Plant
