-128.19 -58.41 -60.94 63.19 51.88 25.54 0 Leaf
-110.14 -156.67 -88.34 110.3 80.2 50.81 0 Leaf
54.06 69.96 -82.84 11.73 18.62 18.32 0 Leaf
21.05 39.16 -77.71 81.43 58.19 35.78 0 Leaf
46.4 74.67 -97.87 119.61 41.15 22.9 0 Embryonic_leaf
-119.5 -76.37 -109.08 122.63 37.25 36.24 0 Embryonic_leaf
-123.54 -86.02 -77.71 5.53 16.63 15.84 0 Petiole
-119.59 -110.64 -84.94 8.04 39.22 13.46 0 Stem
45.47 49.42 -95.17 5.69 8.22 11.86 0 Stem
-117.91 -114.62 -87.69 125.82 164.29 79.03 0 Plant
43.27 52.65 -84.56 125.88 85.17 49.5 0 Plant
