94.79 -167.81 -87.17 116.89 64.28 32.58 0 Leaf
226.39 49.06 -84.98 83.02 81.05 39.47 0 Leaf
74.27 -60.9 -3.77 111.73 93.89 51.5 0 Leaf
113.6 -135.11 -89.46 17.83 49.24 15.05 0 Petiole
103.09 -85.32 -24.87 16.52 1.33 42.28 0 Petiole
152.73 104.83 -131.47 97.21 42.4 36.2 0 Embryonic_leaf
145.29 1.01 -31.19 117.5 130.78 62.23 0 Leaf
147.22 -70.74 -57.29 72.61 71.55 69.35 0 Leaf
183.09 64.26 -94.58 54.13 42.71 27.86 0 Petiole
131.85 102.51 -33.26 23.6 13.91 67.18 0 Petiole
152.81 151.2 -69.65 2.31 23.85 11.23 0 Petiole
147.77 154.16 -30.04 115.21 91.61 105.87 0 Leaf
149.48 182.0 -60.59 121.38 35.99 44.49 0 Leaf
128.8 -77.89 -129.82 81.48 42.68 47.48 0 Embryonic_leaf
170.21 63.93 -94.28 32.3 40.72 24.02 0 Leaf
-25.27 -165.38 -89.42 101.27 62.08 37.28 0 Leaf
-11.96 -142.13 -92.33 6.26 13.06 3.2 0 Petiole
17.35 -104.72 -61.92 30.22 60.56 40.26 0 Leaf
-55.08 -79.18 -27.49 105.93 99.72 51.2 0 Leaf
-25.32 -92.27 -43.41 12.17 3.31 19.72 0 Leaf
6.56 -32.79 -23.65 121.4 81.77 43.91 0 Leaf
-208.42 -125.68 -32.7 120.66 107.1 48.62 0 Leaf
-184.21 -121.71 -38.56 8.13 7.93 12.16 0 Petiole
-107.87 -98.91 -105.07 34.55 40.33 10.06 0 Embryonic_leaf
-115.18 -44.2 -88.81 45.05 75.04 38.94 0 Petiole
-160.78 -64.69 -3.43 118.1 57.85 86.28 0 Leaf
-83.22 14.15 -68.12 96.11 97.18 26.67 0 Leaf
-195.85 9.52 6.71 142.25 142.14 69.3 0 Leaf
24.79 -91.93 -114.77 44.91 19.9 23.69 0 Embryonic_leaf
159.17 94.23 -60.88 21.51 10.6 9.73 0 Petiole
-235.78 -34.23 -51.32 78.81 82.86 55.93 0 Leaf
111.22 -66.77 -65.79 185.63 266.35 175.55 0 Plant
178.34 104.27 -63.34 179.11 191.46 172.47 0 Plant
-20.39 -94.16 -64.15 175.32 204.52 124.93 0 Plant
-155.17 -49.32 -34.37 240.02 259.82 151.46 0 Plant
27.19 87.53 -52.36 161.59 169.91 138.83 0 Plant
-120.42 122.43 -26.84 197.52 155.08 216.44 0 Plant
-238.78 123.1 -32.87 164.52 153.78 149.09 0 Plant
20.23 154.38 -18.92 236.56 91.17 149.1 0 Plant
