13.11 22.68 -44.09 113.33 105.01 33.57 0 Leaf
-28.81 117.0 -56.67 81.9 105.93 37.19 0 Leaf
-179.96 -8.87 -58.45 75.32 81.15 37.6 0 Leaf
-140.39 124.61 -79.28 72.03 67.42 22.63 0 Leaf
138.93 -70.79 -88.35 40.48 28.6 31.72 0 Leaf
-0.23 -75.12 -68.98 60.01 39.9 37.09 0 Leaf
-182.2 97.14 -96.98 28.06 23.94 13.05 0 Leaf
140.18 7.83 -71.61 91.93 87.41 46.21 0 Leaf
150.53 77.19 -81.81 53.34 38.57 19.83 0 Leaf
-207.93 -18.98 -87.85 74.88 153.6 43.58 0 Embryonic_leaf
-166.52 110.31 -100.18 109.74 129.28 64.77 0 Embryonic_leaf
21.92 124.44 -67.28 107.51 150.89 51.3 0 Embryonic_leaf
154.8 84.04 -89.29 137.13 100.68 37.29 0 Embryonic_leaf
145.9 -57.63 -113.54 110.43 103.36 27.6 0 Embryonic_leaf
-14.8 -68.44 -95.34 152.44 88.4 57.96 0 Embryonic_leaf
7.29 111.94 -73.85 18.35 4.32 37.88 0 Petiole
142.41 94.81 -99.2 6.97 8.65 12.62 0 Petiole
4.11 -52.47 -88.27 2.59 7.38 21.13 0 Petiole
-204.24 -31.82 -95.63 7.11 3.33 22.91 0 Petiole
-165.17 105.08 -102.43 15.13 6.24 14.46 0 Petiole
36.63 119.46 -73.79 33.53 32.23 20.02 0 Leaf
141.86 101.93 -119.74 2.51 3.72 15.77 0 Stem
149.56 100.8 -109.89 12.26 3.33 8.34 0 Petiole
138.27 97.3 -110.67 7.39 5.65 5.19 0 Petiole
4.55 -36.84 -83.38 15.85 17.23 6.7 0 Leaf
10.32 136.71 -97.64 7.19 16.63 12.84 0 Petiole
34.24 95.64 -91.82 4.07 2.99 9.2 0 Petiole
4.21 -45.99 -96.64 7.91 16.23 28.56 0 Stem
143.86 -39.53 -99.43 6.73 19.29 35.48 0 Petiole
142.86 -52.17 -105.26 4.92 8.65 17.65 0 Petiole
15.09 107.45 -69.56 5.66 3.33 7.29 0 Leaf
25.55 110.85 -130.57 4.56 2.16 12.66 0 Stem
-10.62 -18.72 -75.81 160.79 187.83 97.02 0 Plant
-193.83 -18.98 -74.65 103.07 153.6 69.99 0 Plant
145.9 -28.89 -87.92 110.43 160.84 78.83 0 Plant
154.8 84.04 -99.14 137.13 100.68 56.98 0 Plant
2.96 124.44 -87.48 145.42 150.89 98.83 0 Plant
-162.88 110.31 -100.18 117.02 129.28 64.77 0 Plant
