-192.92 132.41 -31.27 93.06 71.04 40.12 0 Leaf
108.47 17.74 -33.75 103.47 79.82 44.64 0 Leaf
-60.04 140.02 -21.73 107.44 100.9 26.57 0 Leaf
-129.45 95.13 -57.39 36.41 34.11 19.72 0 Leaf
141.91 -47.98 -72.56 34.3 30.86 38.92 0 Leaf
27.51 134.84 -38.35 53.03 73.09 44.5 0 Leaf
150.88 -63.62 -85.08 153.49 159.23 70.16 0 Embryonic_leaf
10.03 113.19 -65.62 93.04 173.61 75.27 0 Embryonic_leaf
-160.95 113.85 -64.57 128.99 160.3 56.93 0 Embryonic_leaf
-24.68 130.22 -49.63 9.71 1.66 27.33 0 Petiole
3.75 131.15 -58.47 3.71 2.0 13.86 0 Petiole
-17.26 128.27 -55.71 15.08 22.86 6.81 0 Leaf
-4.57 132.05 -123.74 1.94 2.0 3.75 0 Stem
-151.15 99.38 -66.47 8.81 4.99 22.9 0 Petiole
139.78 -41.5 -132.81 4.44 4.27 21.69 0 Stem
129.09 -26.7 -88.97 9.52 12.24 25.36 0 Petiole
132.43 -37.14 -90.82 5.6 7.32 21.78 0 Petiole
-132.77 -5.54 -40.95 145.26 134.36 112.11 0 Plant
137.79 105.68 -77.51 127.12 136.74 78.5 0 Plant
-28.6 113.19 -67.03 170.31 173.61 117.16 0 Plant
-167.95 113.85 -52.13 143.0 160.3 81.82 0 Plant
142.18 -42.79 -77.54 170.89 200.88 132.22 0 Plant
