15.01 88.63 -85.73 133.69 196.01 36.33 0 Embryonic_leaf
46.34 121.75 -26.67 127.61 156.48 117.37 0 Leaf
-91.98 162.4 28.99 111.48 75.15 104.6 0 Leaf
61.26 -82.93 -97.8 121.47 164.94 38.54 0 Embryonic_leaf
152.15 -22.9 -71.11 135.8 173.93 92.53 0 Leaf
114.26 -52.23 -30.18 86.55 96.11 63.95 0 Leaf
14.72 -55.5 -39.28 120.04 153.02 129.34 0 Leaf
-66.28 107.12 -13.39 121.53 120.6 49.5 0 Leaf
61.58 -73.95 -44.62 31.02 8.37 41.57 0 Petiole
-52.95 165.1 6.05 12.16 8.61 15.39 0 Petiole
-9.87 86.95 -21.26 6.33 21.55 34.7 0 Petiole
-15.89 61.08 -4.58 94.72 43.07 44.88 0 Leaf
-13.37 100.15 -10.34 5.38 4.41 23.65 0 Leaf
-18.78 95.31 -11.3 257.87 209.37 185.18 0 Plant
87.38 -50.67 -45.99 265.35 229.47 142.76 0 Plant
223.59 -46.41 -105.59 57.7 152.04 101.3 0 Plant
-165.74 -3.47 -2.14 299.86 305.52 191.78 0 Plant
