148.6 138.1 -90.83 46.41 87.06 19.02 0 Embryonic_leaf
191.59 163.26 -38.69 74.1 73.45 45.02 0 Leaf
93.56 187.87 -0.49 83.17 24.25 48.1 0 Leaf
130.16 180.41 -44.12 13.91 27.94 33.62 0 Petiole
165.53 155.27 -49.35 19.8 4.32 33.16 0 Petiole
56.13 149.13 -91.45 97.85 67.88 28.78 0 Embryonic_leaf
76.47 132.66 24.51 97.15 134.65 53.42 0 Leaf
38.38 158.32 -30.55 37.88 23.73 39.77 0 Leaf
-59.64 149.78 -57.35 81.16 90.47 20.58 0 Embryonic_leaf
-81.79 179.15 28.57 80.87 41.44 53.72 0 Leaf
-161.68 113.19 -57.09 37.88 83.82 18.06 0 Embryonic_leaf
-220.33 154.1 11.47 98.79 91.65 31.76 0 Leaf
-145.77 157.54 11.29 56.36 84.71 68.5 0 Leaf
-181.82 149.12 -21.6 24.39 14.64 34.43 0 Petiole
78.3 -37.8 -94.02 41.92 106.49 23.78 0 Embryonic_leaf
99.42 12.74 -9.62 140.81 110.43 69.43 0 Leaf
6.41 -21.49 -45.54 109.44 104.39 68.87 0 Leaf
52.47 -37.76 -46.87 13.83 2.66 21.51 0 Petiole
-58.12 -21.14 -83.85 51.19 109.09 22.21 0 Embryonic_leaf
-37.34 39.35 14.36 104.0 102.45 49.39 0 Leaf
-130.67 -16.53 -23.81 110.69 117.08 57.37 0 Leaf
-127.74 -13.69 -80.36 44.99 32.46 7.97 0 Embryonic_leaf
-200.85 49.83 -23.1 115.75 98.79 57.07 0 Leaf
-201.95 -28.5 13.66 92.71 78.5 54.35 0 Leaf
-156.28 4.26 -25.33 51.47 20.29 56.47 0 Petiole
-78.06 -26.82 -35.91 18.01 1.94 25.43 0 Petiole
140.31 147.28 -38.39 176.67 105.42 123.9 0 Plant
66.12 132.66 -27.31 117.84 134.65 157.07 0 Plant
-70.64 152.21 -6.11 103.16 95.32 123.07 0 Plant
-193.66 135.6 -10.29 152.14 128.64 111.66 0 Plant
60.76 -11.54 -40.4 218.14 158.99 131.01 0 Plant
-85.68 7.45 -27.95 200.67 166.25 134.01 0 Plant
-181.99 15.73 -21.76 153.48 166.98 125.18 0 Plant
