-5.83 173.17 -32.58 125.63 53.65 17.51 0 Leaf
38.18 64.46 -40.63 120.51 81.05 73.17 0 Leaf
46.97 132.78 -40.81 54.42 39.64 35.77 0 Leaf
-107.59 61.81 -24.71 127.33 143.5 89.76 0 Leaf
-172.51 -84.69 15.51 203.23 110.95 65.27 0 Leaf
-166.83 -20.91 -15.19 66.84 69.76 41.15 0 Leaf
-122.98 -27.85 -96.96 107.33 39.93 19.62 0 Embryonic_leaf
43.84 108.64 -92.99 112.81 47.17 15.25 0 Embryonic_leaf
-156.83 34.4 -50.48 16.5 50.16 28.07 0 Petiole
-150.99 -59.27 -8.45 8.47 15.61 27.84 0 Petiole
45.38 102.67 -60.0 3.21 9.97 22.38 0 Petiole
28.37 144.96 -57.33 20.65 34.33 26.72 0 Petiole
-181.36 98.18 -32.08 152.05 120.58 49.48 0 Leaf
15.8 111.97 -52.33 168.89 176.06 96.57 0 Plant
-159.02 9.16 -29.31 230.2 298.63 154.91 0 Plant
