163.67 96.88 -101.03 77.45 206.1 46.18 0 Embryonic_leaf
231.76 101.85 -42.82 106.09 114.29 52.88 0 Leaf
84.19 145.2 -60.26 122.35 108.99 73.79 0 Leaf
171.0 138.44 -3.09 48.96 78.23 38.07 0 Leaf
130.57 75.68 7.12 126.82 80.0 50.62 0 Leaf
127.42 120.21 -52.98 9.79 11.27 20.12 0 Petiole
-92.11 122.2 -94.71 145.96 86.85 17.89 0 Embryonic_leaf
-65.95 116.56 -104.39 16.86 15.91 18.24 0 Petiole
-102.0 164.91 -33.95 141.27 70.17 50.72 0 Leaf
-87.49 104.54 -104.1 14.0 12.12 14.76 0 Petiole
-74.58 134.46 -22.42 42.17 72.92 33.81 0 Leaf
-129.1 73.07 10.76 153.42 130.3 45.6 0 Leaf
4.19 -53.88 -101.72 215.1 74.19 36.72 0 Embryonic_leaf
-35.32 24.58 32.04 155.48 176.01 34.85 0 Leaf
49.62 37.97 -52.06 125.37 143.79 63.02 0 Leaf
38.39 -51.45 14.92 107.6 106.83 105.72 0 Leaf
-79.97 100.82 -36.94 7.36 8.95 29.56 0 Petiole
3.96 -65.75 35.3 67.09 59.67 46.25 0 Leaf
-31.91 -42.88 47.7 23.0 24.53 16.38 0 Leaf
-37.94 -64.09 79.26 15.99 8.62 13.66 0 Leaf
-33.13 -55.38 58.74 19.51 6.16 23.71 0 Petiole
-5.87 -48.38 -6.3 4.17 2.39 25.22 0 Leaf
153.91 96.88 -45.85 261.79 206.1 156.55 0 Plant
-112.47 103.95 -39.98 186.69 192.07 147.07 0 Plant
-0.37 3.86 -26.15 225.37 217.45 187.86 0 Plant
