-196.79 -164.84 -63.46 121.58 70.27 47.21 0 Leaf
-192.13 -67.09 -110.05 99.49 81.48 58.63 0 Embryonic_leaf
-184.0 -125.23 -65.31 10.24 57.31 23.65 0 Petiole
-196.79 -113.16 -89.61 121.58 173.62 99.51 0 Plant
-158.85 112.83 -29.75 219.06 174.23 151.9 0 Plant
-38.49 120.42 -11.49 213.66 159.0 177.79 0 Plant
139.23 117.11 -34.42 250.98 165.61 171.3 0 Plant
-213.88 -22.89 7.29 172.24 186.54 140.69 0 Plant
159.38 -28.67 -48.08 137.95 194.12 142.78 0 Plant
-12.93 -67.44 -5.98 277.42 250.02 159.93 0 Plant
