-198.61 167.05 -73.0 91.24 65.86 51.62 0 Leaf
-198.73 93.5 -32.63 70.6 71.69 34.59 0 Leaf
-225.71 -21.91 -53.1 109.5 102.97 49.65 0 Leaf
-209.81 -115.1 -35.45 121.35 56.54 64.5 0 Leaf
-164.82 -68.81 -44.71 43.03 69.72 31.33 0 Leaf
-114.69 -86.28 -58.98 91.97 98.96 56.02 0 Leaf
-69.81 156.41 -65.16 121.35 87.07 50.14 0 Leaf
46.1 151.77 -79.07 105.4 96.42 37.48 0 Leaf
-73.71 64.16 -31.78 102.03 74.5 33.22 0 Leaf
-45.26 -93.42 -43.84 40.02 29.14 25.66 0 Leaf
-20.67 -18.63 -28.29 84.66 101.56 64.7 0 Leaf
45.87 -29.23 -52.16 89.74 89.67 34.74 0 Leaf
65.28 -140.31 -74.64 102.64 68.4 43.36 0 Leaf
156.49 -71.86 -43.7 81.59 45.9 33.54 0 Leaf
170.12 143.45 -52.33 105.5 81.42 51.59 0 Leaf
157.04 -3.21 -71.75 95.45 87.42 32.92 0 Leaf
89.46 72.55 -23.4 83.72 93.65 26.53 0 Leaf
86.65 114.13 -52.85 49.43 41.09 19.27 0 Leaf
66.11 -93.59 -60.83 21.78 21.51 30.91 0 Leaf
50.33 49.34 -34.84 76.27 65.86 37.54 0 Leaf
-189.92 -64.73 -117.04 103.88 81.19 48.73 0 Embryonic_leaf
-37.41 -75.25 -108.19 57.05 101.64 36.21 0 Embryonic_leaf
63.05 -60.66 -117.07 91.78 73.37 29.2 0 Embryonic_leaf
173.25 -80.98 -114.59 100.15 48.7 32.17 0 Embryonic_leaf
-169.56 105.81 -85.42 116.39 33.77 40.84 0 Embryonic_leaf
-51.63 79.54 -91.45 137.32 45.08 21.44 0 Embryonic_leaf
74.3 66.97 -110.84 68.28 61.2 19.47 0 Embryonic_leaf
135.29 85.37 -92.8 54.65 93.95 34.81 0 Embryonic_leaf
72.97 -101.79 -80.91 4.28 47.23 39.97 0 Petiole
63.69 -64.88 -72.32 14.89 25.28 37.53 0 Petiole
169.27 -62.48 -79.22 11.27 40.71 26.05 0 Petiole
152.08 96.73 -61.01 22.24 25.89 22.0 0 Petiole
124.01 73.14 -45.73 11.81 5.99 27.69 0 Petiole
64.49 123.2 -75.61 12.55 18.29 8.91 0 Petiole
-56.78 105.4 -68.79 11.85 49.22 23.6 0 Petiole
-48.88 70.08 -57.62 3.55 22.75 46.42 0 Petiole
-183.55 137.63 -64.98 17.77 41.84 9.93 0 Petiole
-173.47 109.73 -53.94 5.68 12.64 29.89 0 Petiole
-206.91 -52.43 -57.93 19.65 20.9 27.67 0 Petiole
-182.78 -77.39 -68.05 3.32 1.33 11.69 0 Petiole
-78.38 -86.33 -51.75 13.71 2.99 12.6 0 Petiole
-35.81 -79.39 -69.46 5.88 6.89 25.74 0 Petiole
-182.45 -111.77 -48.26 2.62 17.96 24.21 0 Petiole
-177.79 128.82 -60.59 132.86 142.32 90.51 0 Plant
-209.22 -56.9 -72.3 142.48 172.94 138.21 0 Plant
-69.51 -51.8 -61.12 182.33 167.92 130.35 0 Plant
-56.73 113.43 -58.67 147.51 173.02 87.0 0 Plant
58.8 -79.45 -83.23 115.6 190.12 96.88 0 Plant
166.32 -32.41 -78.8 114.01 145.83 103.74 0 Plant
135.24 104.94 -60.17 175.27 158.43 100.07 0 Plant
52.38 108.2 -68.32 117.96 183.57 104.5 0 Plant
