51.49 117.76 -74.45 95.09 97.66 52.6 0 Leaf
14.93 0.83 -83.89 96.97 73.74 56.15 0 Leaf
31.41 43.9 -59.48 28.32 27.46 22.87 0 Leaf
-136.11 -9.8 -42.7 129.19 110.95 63.29 0 Leaf
-183.13 -103.27 -36.65 99.21 86.1 57.11 0 Leaf
-120.71 -167.83 -83.33 135.28 64.28 44.07 0 Leaf
-134.42 -88.19 -57.9 13.47 8.64 33.34 0 Leaf
48.19 70.26 -116.8 124.43 45.18 29.66 0 Embryonic_leaf
-103.3 -81.05 -107.84 76.01 25.58 33.07 0 Embryonic_leaf
49.83 56.31 -90.3 8.86 3.99 13.66 0 Leaf
-135.13 -74.91 -74.46 7.36 19.27 15.83 0 Petiole
-107.02 -111.31 -86.49 66.23 51.42 5.11 0 Petiole
41.86 34.35 -89.14 20.61 45.25 28.45 0 Petiole
43.73 51.99 -80.28 4.6 7.31 17.55 0 Stem
-145.5 -93.01 -59.36 11.69 14.28 36.6 0 Petiole
38.42 65.28 -89.84 143.96 202.63 83.58 0 Plant
-142.91 -77.15 -66.24 179.66 245.65 116.28 0 Plant
