-208.34 -11.86 -18.5 110.96 89.69 96.74 0 Leaf
-165.08 138.82 -16.72 129.56 51.88 74.42 0 Leaf
25.44 14.29 -34.38 86.04 91.66 53.01 0 Leaf
84.88 -35.09 -42.05 80.45 76.48 58.1 0 Leaf
-110.41 -15.9 -50.52 55.78 71.19 57.36 0 Leaf
-61.37 150.75 -36.68 89.38 81.23 28.0 0 Leaf
20.02 135.9 -68.1 31.28 31.56 13.52 0 Leaf
-202.75 147.1 -65.74 38.04 45.97 24.44 0 Leaf
-128.21 -36.42 -87.65 66.94 116.61 27.11 0 Embryonic_leaf
-180.93 131.8 -98.37 60.37 97.86 17.83 0 Embryonic_leaf
4.06 126.47 -80.97 51.7 95.2 29.39 0 Embryonic_leaf
128.87 -44.03 -91.71 44.37 131.76 16.72 0 Embryonic_leaf
-144.25 -38.8 -57.85 39.1 10.54 35.67 0 Petiole
52.63 -56.69 -61.32 49.3 21.54 39.27 0 Leaf
50.86 -50.78 -92.8 72.95 38.68 15.6 0 Embryonic_leaf
99.75 181.69 -22.42 75.83 36.52 46.15 0 Leaf
114.72 134.29 -76.71 121.21 51.63 14.14 0 Embryonic_leaf
-10.9 123.86 -69.82 28.65 5.99 39.8 0 Petiole
104.82 164.1 -54.74 10.52 26.6 28.56 0 Petiole
57.91 -28.11 -68.36 3.03 10.64 13.5 0 Petiole
107.62 138.29 -42.35 78.71 24.21 49.68 0 Leaf
-173.17 -30.87 -35.67 181.3 127.71 131.08 0 Plant
-165.08 131.8 -43.39 129.56 97.86 127.78 0 Plant
34.88 -5.0 -54.23 104.92 130.24 92.72 0 Plant
97.86 -44.03 -56.54 106.4 131.76 87.07 0 Plant
-35.2 135.12 -59.18 141.72 112.49 72.98 0 Plant
114.72 154.21 -41.56 121.21 91.47 84.43 0 Plant
