-202.94 -92.78 -4.96 120.74 130.73 45.64 0 Leaf
-136.18 19.22 -54.04 155.62 113.8 59.14 0 Leaf
-114.75 -79.01 -33.25 31.43 57.1 37.01 0 Leaf
52.15 135.48 -69.21 110.51 109.41 48.8 0 Leaf
7.98 34.86 -66.03 66.47 65.22 29.36 0 Leaf
21.21 -10.34 -84.94 108.57 77.31 45.58 0 Leaf
50.13 69.46 -116.01 126.34 43.92 40.99 0 Embryonic_leaf
-107.12 -81.61 -109.88 81.39 27.95 38.95 0 Embryonic_leaf
-134.41 -79.91 -72.96 11.67 19.9 33.59 0 Leaf
53.07 76.12 -81.59 10.09 39.93 27.82 0 Petiole
48.81 24.04 -88.21 24.69 56.9 24.01 0 Petiole
42.39 50.22 -83.38 20.91 15.2 22.89 0 Petiole
-155.83 -102.74 -29.93 16.62 8.32 27.9 0 Petiole
-132.8 -43.76 -59.48 5.22 52.08 30.33 0 Petiole
-122.35 -168.38 -87.47 134.94 63.08 41.1 0 Leaf
-135.62 -96.75 -81.96 3.17 3.66 3.41 0 Petiole
48.44 56.49 -78.47 11.38 7.32 10.52 0 Leaf
19.53 62.73 -111.15 10.1 7.82 3.09 0 Petiole
-159.09 -61.9 -55.75 208.42 276.04 147.21 0 Plant
40.11 70.59 -90.66 146.37 239.19 91.69 0 Plant
