-193.51 -33.59 -37.15 94.06 115.11 52.6 0 Leaf
-161.77 120.61 -34.09 112.44 65.86 50.82 0 Leaf
-43.7 114.94 -35.24 65.26 106.58 37.27 0 Leaf
103.62 179.36 -21.02 79.06 40.97 42.16 0 Leaf
53.22 -8.31 -35.71 98.88 57.46 52.94 0 Leaf
99.1 -46.17 -52.52 43.94 68.13 35.39 0 Leaf
-106.35 -20.23 -59.3 39.97 39.62 13.29 0 Leaf
-127.5 -32.93 -72.38 69.14 104.42 28.33 0 Embryonic_leaf
-177.01 127.73 -86.8 59.88 90.35 20.18 0 Embryonic_leaf
4.06 122.05 -77.87 49.94 74.99 35.57 0 Embryonic_leaf
128.34 -42.83 -80.96 44.86 125.57 23.55 0 Embryonic_leaf
117.49 127.15 -66.46 104.05 44.75 31.38 0 Embryonic_leaf
61.45 -55.3 -80.55 71.73 39.63 34.83 0 Embryonic_leaf
-144.02 -40.94 -63.29 25.43 5.12 29.82 0 Petiole
-7.37 119.36 -74.1 19.4 5.12 35.03 0 Petiole
-170.16 124.98 -81.97 5.44 2.0 17.5 0 Petiole
-163.45 -33.59 -48.7 154.18 115.11 75.7 0 Plant
-161.77 127.73 -52.79 112.44 90.35 88.2 0 Plant
-23.65 114.94 -56.13 105.37 106.58 79.05 0 Plant
116.8 152.31 -41.04 105.43 95.07 82.21 0 Plant
53.22 -27.35 -53.61 98.88 95.54 88.72 0 Plant
113.96 -42.83 -63.78 73.64 125.57 57.91 0 Plant
