-153.53 102.65 -64.01 95.04 93.79 28.11 0 Leaf
-71.57 60.41 -74.67 62.33 49.22 29.43 0 Leaf
-183.73 -55.69 -76.57 83.72 83.08 36.83 0 Leaf
-121.79 -102.92 -83.21 55.34 56.61 36.79 0 Leaf
0.76 -80.34 -85.26 32.61 35.39 16.03 0 Leaf
198.82 58.7 -92.52 31.67 37.82 24.14 0 Leaf
60.98 -93.9 -95.9 65.07 70.51 36.62 0 Leaf
12.99 96.65 -83.8 81.6 91.28 42.97 0 Leaf
80.61 74.24 -77.29 30.5 43.61 28.4 0 Leaf
134.87 106.26 -96.34 77.06 83.71 24.96 0 Leaf
64.15 73.01 -124.26 47.75 106.51 43.45 0 Embryonic_leaf
182.0 81.27 -129.02 67.6 96.43 28.41 0 Embryonic_leaf
-136.8 -91.62 -115.96 90.51 95.04 39.26 0 Embryonic_leaf
1.2 -72.95 -117.74 56.84 116.4 30.59 0 Embryonic_leaf
-99.13 80.65 -111.92 57.28 124.28 37.72 0 Embryonic_leaf
178.75 70.94 -111.57 13.47 10.02 13.33 0 Petiole
163.11 83.12 -107.85 21.29 16.91 18.43 0 Petiole
47.85 83.84 -94.71 23.91 8.28 14.5 0 Petiole
64.88 78.43 -98.52 6.07 6.1 9.87 0 Petiole
37.72 -98.78 -95.17 24.39 17.29 23.5 0 Petiole
18.71 -87.07 -100.15 12.69 5.69 13.67 0 Petiole
-149.09 -84.2 -84.28 29.04 19.18 21.95 0 Petiole
-99.76 71.34 -81.93 19.33 11.21 20.77 0 Petiole
-134.69 -98.56 -82.38 11.88 9.31 10.29 0 Petiole
-120.73 84.03 -90.37 160.65 131.04 80.83 0 Plant
-158.57 -76.64 -96.87 134.04 124.98 77.44 0 Plant
33.15 -72.95 -105.14 120.75 116.4 55.79 0 Plant
156.07 90.58 -111.83 119.47 115.06 62.78 0 Plant
34.02 81.02 -104.15 123.67 122.54 83.67 0 Plant
