0.67 -52.47 -105.05 208.16 76.73 58.44 0 Embryonic_leaf
-4.03 -118.55 -34.32 113.83 147.87 134.43 0 Leaf
-1.57 6.49 -23.42 132.02 181.37 58.09 0 Leaf
-90.91 124.91 -93.31 142.63 86.04 27.51 0 Embryonic_leaf
-90.91 130.4 -53.06 10.94 15.94 30.79 0 Petiole
-109.51 152.57 -44.09 102.06 94.84 68.78 0 Leaf
-87.71 119.27 -49.18 20.62 21.59 10.24 0 Leaf
-78.49 84.89 -53.77 73.65 76.4 57.63 0 Leaf
155.1 99.09 -100.18 99.4 201.8 57.82 0 Embryonic_leaf
189.75 113.34 -64.6 84.51 110.73 76.03 0 Leaf
138.79 81.57 -55.82 64.25 55.14 41.49 0 Leaf
89.11 125.75 -53.99 124.37 107.63 65.76 0 Leaf
0.67 -47.65 -50.69 208.16 289.66 167.17 0 Plant
-90.91 123.34 -58.38 142.63 153.3 97.37 0 Plant
129.46 99.09 -75.1 205.08 201.8 107.98 0 Plant
