92.08 -167.29 -114.01 92.41 65.26 35.43 0 Leaf
166.75 83.94 -33.09 89.44 111.9 53.77 0 Leaf
-55.82 129.03 -29.19 103.75 131.16 50.44 0 Leaf
-66.29 -172.63 -86.59 111.03 54.74 29.01 0 Leaf
122.98 -101.7 -52.79 97.92 59.3 53.32 0 Leaf
113.03 -12.74 -72.11 89.15 114.71 70.57 0 Leaf
64.06 100.86 -20.28 102.36 98.71 63.03 0 Leaf
-171.13 75.26 -86.45 89.57 97.67 35.16 0 Leaf
-92.17 -81.99 -21.3 115.3 106.66 73.56 0 Leaf
-161.46 -36.43 -54.84 111.77 124.19 57.88 0 Leaf
-127.03 89.3 -30.52 93.73 88.72 66.36 0 Leaf
113.97 -87.14 -132.05 95.52 34.09 19.77 0 Embryonic_leaf
99.34 76.52 -108.76 25.8 81.82 22.66 0 Embryonic_leaf
-72.05 71.32 -113.12 26.45 116.48 33.28 0 Embryonic_leaf
-82.61 73.44 -59.98 20.73 14.44 62.7 0 Petiole
-77.6 -148.13 -92.67 10.89 31.79 15.55 0 Petiole
123.37 -59.13 -78.29 2.11 23.85 23.99 0 Petiole
-97.61 -100.65 -138.75 100.16 63.17 22.01 0 Embryonic_leaf
-151.64 -98.82 -62.42 71.4 89.97 51.1 0 Leaf
-144.24 -55.36 -51.96 7.8 7.55 14.11 0 Petiole
94.29 -83.95 -81.35 43.52 58.9 45.76 0 Leaf
-98.77 71.38 -89.63 16.45 1.33 4.28 0 Petiole
120.12 111.46 -56.7 25.26 50.35 21.65 0 Leaf
107.55 76.68 -70.9 11.09 7.95 21.33 0 Petiole
19.58 107.89 -73.53 65.42 55.25 14.98 0 Leaf
-114.07 -87.16 -67.14 206.57 225.66 165.24 0 Plant
108.9 -77.65 -84.03 126.06 244.53 115.81 0 Plant
-109.93 103.85 -63.55 211.97 181.53 132.42 0 Plant
99.17 89.1 -54.43 224.59 122.23 131.33 0 Plant
