114.55 112.05 -88.59 61.67 175.8 31.65 0 Embryonic_leaf
140.32 135.3 -30.03 81.74 129.17 51.63 0 Leaf
74.14 138.79 -41.78 76.44 89.99 29.34 0 Leaf
128.36 -64.43 -93.3 122.1 145.23 26.23 0 Embryonic_leaf
153.78 -59.08 -60.93 87.39 118.12 82.98 0 Leaf
134.17 -37.34 -23.92 45.72 47.31 42.06 0 Leaf
82.78 -25.52 -30.49 85.92 95.34 44.79 0 Leaf
-221.53 -50.56 -80.11 73.82 184.94 51.58 0 Embryonic_leaf
-261.16 -41.32 -15.29 77.07 125.82 57.47 0 Leaf
-197.9 -54.78 -2.05 69.01 97.57 101.46 0 Leaf
108.56 112.05 -54.32 145.27 175.8 100.2 0 Plant
118.65 -57.45 -54.65 157.66 159.2 103.52 0 Plant
-231.54 -50.56 -28.61 136.3 184.94 154.58 0 Plant
