124.87 -50.14 -26.49 95.96 108.29 15.92 0 Leaf
97.03 163.45 -28.9 134.53 73.08 36.11 0 Leaf
-126.28 -6.32 -30.24 117.42 139.58 40.92 0 Leaf
57.16 7.95 -48.91 91.73 95.75 24.21 0 Leaf
108.23 86.06 -51.41 133.09 48.5 35.83 0 Leaf
-179.78 95.69 -38.18 141.52 116.93 62.41 0 Leaf
7.35 -25.53 -14.27 99.16 150.87 29.13 0 Leaf
112.94 -64.75 -94.81 23.54 28.57 9.51 0 Embryonic_leaf
127.02 128.99 -97.87 107.67 50.33 25.74 0 Embryonic_leaf
-44.78 -45.57 -87.6 42.72 113.77 27.6 0 Embryonic_leaf
-67.08 102.33 -83.54 55.9 45.18 11.97 0 Embryonic_leaf
-51.02 -48.98 -22.02 70.29 41.52 52.86 0 Leaf
-119.03 143.86 -33.47 94.84 79.06 63.72 0 Leaf
121.2 120.94 -46.86 7.39 15.94 26.46 0 Leaf
-112.76 178.74 -18.85 123.48 42.52 41.75 0 Leaf
-74.88 -29.9 -43.24 35.65 15.1 36.33 0 Petiole
-127.1 97.02 -42.89 35.2 14.62 37.48 0 Petiole
120.19 117.84 -61.96 12.37 7.53 41.61 0 Petiole
92.65 -19.36 -63.91 11.22 8.19 13.09 0 Petiole
104.7 -20.85 -53.09 11.77 30.45 28.07 0 Leaf
92.07 -24.23 -59.05 161.55 160.11 81.04 0 Plant
105.31 130.9 -60.79 151.08 138.19 99.9 0 Plant
-64.03 -19.49 -48.49 241.92 165.92 105.81 0 Plant
-144.83 118.61 -43.75 211.41 162.77 91.54 0 Plant
