96.37 -49.22 -71.13 78.97 62.6 35.02 0 Leaf
92.72 -131.31 -45.63 82.42 74.44 28.62 0 Leaf
99.93 -108.65 -67.4 4.99 21.84 25.94 0 Petiole
97.89 -91.44 -76.07 8.12 8.6 25.58 0 Leaf
94.99 -90.78 -106.54 7.7 9.26 31.96 0 Stem
167.62 109.72 -73.86 48.66 57.57 33.44 0 Leaf
96.84 94.83 -62.67 59.1 83.38 24.05 0 Leaf
146.26 101.12 -76.38 13.93 5.96 20.21 0 Petiole
126.38 98.14 -71.08 24.95 10.59 27.13 0 Petiole
48.85 115.68 -61.64 50.57 57.57 21.38 0 Leaf
38.95 36.6 -66.68 71.71 67.5 28.3 0 Leaf
42.97 85.57 -68.2 6.61 2.65 7.96 0 Petiole
39.9 70.35 -68.98 4.91 23.82 10.33 0 Petiole
-171.2 -149.01 -70.5 66.79 60.22 22.78 0 Leaf
-167.23 -122.31 -75.75 4.79 16.34 17.04 0 Petiole
-164.54 -105.93 -78.37 6.39 12.71 12.34 0 Petiole
-169.21 -85.62 -71.84 42.9 34.81 15.82 0 Leaf
-133.61 -92.1 -71.42 45.97 61.54 21.5 0 Leaf
-95.3 -86.83 -78.1 26.48 17.16 18.57 0 Petiole
-67.89 -72.34 -72.97 57.63 67.0 26.91 0 Leaf
-32.3 -98.06 -75.65 54.03 43.01 33.12 0 Leaf
-18.07 -24.61 -63.56 80.62 60.22 17.44 0 Leaf
-24.64 -56.54 -72.03 9.66 27.46 21.46 0 Petiole
-29.26 -75.16 -73.95 4.39 13.1 14.09 0 Petiole
-29.34 -72.25 -100.87 4.26 9.93 32.23 0 Stem
38.67 87.55 -97.29 4.95 5.96 25.75 0 Stem
139.68 99.47 -104.37 0.5 0.0 3.93 0 Stem
93.68 -93.23 -76.92 84.35 150.61 91.19 0 Plant
129.62 95.83 -78.49 124.66 85.36 55.69 0 Plant
38.95 73.66 -80.56 71.71 141.61 59.22 0 Plant
-171.2 -123.67 -71.83 66.79 110.91 25.44 0 Plant
-97.83 -80.85 -73.45 117.52 84.04 27.87 0 Plant
-18.53 -57.03 -85.91 81.55 125.07 62.15 0 Plant
-126.81 111.05 -67.62 175.94 121.1 61.96 0 Plant
