54.14 151.18 -25.84 75.18 73.2 33.51 0 Leaf
4.42 84.41 -32.48 43.11 65.37 35.31 0 Leaf
45.39 26.38 -47.45 73.73 62.63 26.34 0 Leaf
44.54 87.73 -36.59 11.61 18.9 19.78 0 Leaf
38.65 91.43 -92.99 4.22 8.41 29.88 0 Stem
41.34 72.9 -63.11 5.08 38.82 25.31 0 Petiole
47.34 112.83 -46.29 14.11 36.71 40.03 0 Petiole
27.74 90.91 -48.25 25.44 14.01 39.11 0 Petiole
37.73 88.69 -54.51 6.12 5.31 7.57 0 Petiole
87.7 -9.97 -46.69 109.37 81.57 47.92 0 Leaf
123.13 -78.27 -39.4 46.98 60.18 25.38 0 Leaf
103.33 -128.97 -42.56 87.76 74.64 27.58 0 Leaf
100.69 -108.19 -82.54 8.6 11.29 22.43 0 Petiole
94.55 -77.98 -75.75 6.65 31.87 34.06 0 Petiole
93.33 -96.77 -98.52 5.53 5.59 28.97 0 Stem
78.67 -113.53 -42.35 19.28 12.56 10.24 0 Leaf
89.56 -104.9 -54.35 4.13 7.36 15.4 0 Petiole
101.63 -91.73 -56.7 9.17 3.04 8.12 0 Petiole
94.62 -95.05 -54.31 8.09 9.24 14.35 0 Leaf
-193.8 -69.02 -47.23 78.46 61.75 22.04 0 Leaf
-162.83 -128.45 -55.37 38.76 34.53 13.33 0 Leaf
-171.17 -159.99 -52.25 68.78 44.49 38.81 0 Leaf
-176.93 -116.49 -69.1 7.12 3.98 13.41 0 Leaf
-172.74 -134.42 -75.46 3.92 19.92 16.23 0 Stem
-170.91 -121.25 -65.8 2.85 1.55 6.61 0 Petiole
-175.75 -110.02 -73.31 7.05 8.3 8.65 0 Leaf
-140.83 11.4 -50.44 87.63 77.84 34.01 0 Leaf
-142.32 93.26 -43.34 61.51 62.27 34.06 0 Leaf
-178.28 102.63 -63.03 60.06 59.76 33.09 0 Leaf
-167.06 67.69 -68.41 18.75 23.41 16.18 0 Petiole
-153.92 39.3 -57.25 18.93 29.71 25.07 0 Petiole
-158.79 54.82 -59.44 6.38 6.64 21.03 0 Leaf
37.3 91.42 -58.51 108.87 192.72 98.85 0 Plant
90.11 -67.74 -67.87 114.2 197.1 90.27 0 Plant
-184.9 -110.19 -58.21 96.26 144.09 50.72 0 Plant
-152.66 52.5 -52.94 111.29 160.03 53.26 0 Plant
