-162.76 135.88 -61.85 71.84 63.75 28.69 0 Leaf
-155.82 97.23 -63.68 10.61 24.97 21.73 0 Petiole
-141.03 67.7 -70.71 51.13 40.29 35.16 0 Leaf
-150.01 82.22 -67.32 4.85 12.02 8.94 0 Petiole
169.21 113.69 -73.9 43.39 54.8 37.29 0 Leaf
147.4 102.18 -74.94 15.08 4.98 20.08 0 Petiole
126.68 99.39 -72.18 25.76 5.39 25.81 0 Petiole
93.62 97.48 -66.65 61.69 89.22 27.72 0 Leaf
48.25 116.07 -61.44 49.73 51.37 26.24 0 Leaf
32.09 35.18 -63.75 65.19 63.1 25.37 0 Leaf
39.23 68.28 -67.82 6.58 24.96 12.7 0 Petiole
40.47 87.07 -78.44 5.4 8.63 29.99 0 Petiole
-13.58 -29.18 -64.37 77.06 65.68 35.29 0 Leaf
-22.59 -60.69 -72.12 11.74 25.24 17.7 0 Petiole
-30.81 -91.24 -56.28 56.05 75.71 65.23 0 Leaf
-29.03 -79.97 -73.81 6.12 16.34 13.08 0 Petiole
-29.48 -74.83 -99.99 5.2 10.91 38.92 0 Petiole
-70.5 -67.71 -79.71 59.28 67.06 33.79 0 Leaf
-93.67 -85.68 -78.77 26.41 20.42 19.1 0 Petiole
-71.8 128.08 -82.53 40.38 50.81 35.89 0 Leaf
-93.62 111.97 -73.0 29.02 11.95 11.17 0 Petiole
-127.35 -88.87 -76.61 36.55 54.14 32.8 0 Leaf
-125.14 107.66 -73.99 147.07 120.2 52.97 0 Plant
126.84 97.48 -72.67 128.12 89.22 39.76 0 Plant
36.3 72.69 -70.88 73.62 138.13 45.11 0 Plant
-16.94 -62.72 -71.55 83.79 132.76 95.78 0 Plant
-93.24 -75.07 -78.41 104.76 81.76 36.4 0 Plant
97.99 -71.89 -52.28 80.78 123.76 129.85 0 Plant
