123.62 -105.09 -104.79 85.8 96.86 55.48 0 Plant
34.28 -84.98 -103.89 71.38 77.2 36.99 0 Plant
118.18 101.22 -102.43 82.51 82.26 27.79 0 Plant
67.93 119.63 -94.53 70.35 64.68 35.99 0 Plant
15.94 81.12 -101.26 71.74 76.56 26.98 0 Plant
-247.0 -67.61 -79.82 132.71 90.88 36.34 0 Plant
-31.12 97.24 -66.54 77.75 90.22 67.33 0 Plant
-94.02 74.31 -79.03 123.24 111.76 68.72 0 Plant
-126.44 112.3 -81.84 108.03 135.73 73.54 0 Plant
-86.91 -55.17 -95.2 85.94 73.31 28.58 0 Plant
-166.21 -80.88 -90.07 119.55 97.52 51.98 0 Plant
-229.24 84.83 -132.22 44.97 86.62 24.15 0 Plant
