-104.1 3.43 -42.01 95.58 84.03 33.54 0 Leaf
90.0 -36.35 -52.18 63.19 76.02 48.95 0 Leaf
80.2 -99.84 -71.71 71.1 75.63 36.79 0 Leaf
111.59 -97.85 -77.04 10.42 10.61 22.87 0 Petiole
138.06 -74.03 -73.57 30.16 23.76 12.64 0 Leaf
116.86 -85.91 -115.51 65.57 114.1 45.14 0 Embryonic_leaf
-147.88 50.46 -51.55 78.84 51.16 41.41 0 Leaf
-142.29 64.85 -55.46 15.31 30.18 27.85 0 Petiole
-123.18 93.54 -104.19 145.82 44.45 41.73 0 Embryonic_leaf
-149.7 103.49 -49.21 31.44 29.85 21.43 0 Leaf
-125.96 161.84 -40.11 91.72 76.23 26.05 0 Leaf
-33.23 115.05 -55.8 73.48 74.85 33.82 0 Leaf
19.19 75.96 -110.23 48.67 123.39 21.69 0 Embryonic_leaf
19.65 79.11 -64.97 27.45 40.8 32.28 0 Leaf
107.36 138.98 -55.02 60.94 61.83 31.09 0 Leaf
151.82 73.81 -81.05 42.61 36.15 33.93 0 Leaf
92.21 99.35 -102.83 46.68 133.01 35.23 0 Embryonic_leaf
128.29 105.04 -109.82 71.45 52.85 19.72 0 Embryonic_leaf
137.34 111.45 -95.73 29.46 19.24 17.0 0 Leaf
144.88 86.58 -107.83 4.47 5.31 8.13 0 Petiole
53.86 95.2 -53.76 43.29 49.09 29.31 0 Leaf
75.11 91.77 -73.49 6.51 2.87 13.68 0 Petiole
-190.19 -72.17 -74.98 35.05 39.75 22.57 0 Leaf
-208.46 -64.32 -101.06 75.11 72.37 17.82 0 Embryonic_leaf
-177.0 -98.18 -106.24 97.35 78.94 14.57 0 Embryonic_leaf
-162.83 -115.93 -70.67 32.73 39.47 31.56 0 Leaf
-170.61 -108.46 -91.99 2.67 5.31 8.76 0 Petiole
-4.99 -109.62 -87.89 69.8 66.67 45.48 0 Leaf
-30.43 -111.06 -89.36 13.69 9.84 15.32 0 Petiole
-86.08 -90.33 -66.13 67.2 51.3 28.81 0 Leaf
-78.33 -65.34 -106.7 120.03 59.71 59.05 0 Embryonic_leaf
-61.97 -95.19 -109.54 54.79 80.93 32.41 0 Embryonic_leaf
41.72 -57.54 -116.85 35.47 136.08 23.94 0 Embryonic_leaf
32.75 -55.22 -78.39 29.08 40.8 23.25 0 Leaf
140.34 98.74 -109.79 3.59 6.19 9.62 0 Petiole
-52.92 -95.86 -81.36 14.57 21.23 19.2 0 Leaf
-45.84 -95.19 -97.25 2.84 1.33 9.17 0 Petiole
-256.0 -91.55 -72.85 51.4 45.77 34.6 0 Leaf
57.49 -62.02 -95.79 15.3 14.59 16.75 0 Petiole
-231.79 -82.92 -99.22 8.94 3.32 6.83 0 Petiole
-8.0 93.54 -82.65 3.35 4.64 9.2 0 Petiole
8.65 79.72 -92.53 1.87 0.88 4.45 0 Petiole
-104.1 3.43 -42.01 95.58 84.03 33.54 0 Plant
90.0 -36.35 -52.18 63.19 76.02 48.95 0 Plant
98.9 -85.91 -95.7 108.49 114.1 84.76 0 Plant
-123.18 71.65 -77.95 145.82 93.54 94.22 0 Plant
-125.96 161.84 -40.11 91.72 76.23 26.05 0 Plant
-13.22 83.37 -79.98 113.5 138.21 82.19 0 Plant
107.36 138.98 -55.02 60.94 61.83 31.09 0 Plant
132.85 93.6 -91.88 80.56 75.74 55.6 0 Plant
73.88 99.35 -79.77 83.33 133.01 81.33 0 Plant
-190.19 -72.17 -74.98 35.05 39.75 22.57 0 Plant
-226.3 -71.28 -82.75 110.79 86.3 54.42 0 Plant
-177.0 -98.18 -84.21 97.35 78.94 58.64 0 Plant
-29.73 -98.84 -95.45 119.27 88.23 60.59 0 Plant
-86.08 -90.33 -66.13 67.2 51.3 28.81 0 Plant
-78.33 -65.34 -106.7 120.03 59.71 59.05 0 Plant
41.68 -57.54 -97.79 46.93 136.08 62.06 0 Plant
