86.21 -21.02 -53.96 103.25 92.67 37.44 0 Leaf
112.5 -119.64 -30.46 72.06 71.4 59.52 0 Leaf
91.2 -98.0 -61.26 25.08 29.34 27.43 0 Leaf
94.51 -94.52 -100.83 10.04 8.33 32.37 0 Stem
94.4 -75.68 -70.59 7.15 23.35 14.91 0 Petiole
108.51 -111.68 -72.26 17.92 19.33 20.0 0 Petiole
200.08 118.15 -57.5 68.07 79.04 60.77 0 Leaf
93.33 97.62 -37.88 69.51 84.66 40.62 0 Leaf
145.01 91.98 -59.8 13.27 24.04 36.77 0 Leaf
131.31 95.67 -73.32 23.98 2.0 40.22 0 Petiole
163.58 107.98 -65.53 24.36 11.95 21.17 0 Petiole
46.37 137.62 -36.53 66.61 77.99 16.67 0 Leaf
38.05 36.56 -45.18 70.76 59.86 26.51 0 Leaf
23.39 79.33 -43.94 29.69 24.0 16.75 0 Leaf
42.89 66.0 -57.74 3.71 10.67 10.11 0 Petiole
35.79 88.31 -58.77 11.94 4.62 11.73 0 Leaf
42.04 92.96 -72.54 4.39 12.67 21.18 0 Petiole
-71.28 135.33 -77.52 44.76 52.0 33.9 0 Leaf
-114.12 106.4 -66.64 31.14 33.77 15.76 0 Leaf
-89.21 119.59 -73.71 9.56 4.28 6.29 0 Petiole
-103.85 112.62 -70.3 4.21 2.67 4.68 0 Petiole
-97.2 116.29 -72.26 6.06 4.67 9.52 0 Leaf
-139.2 95.29 -40.08 33.54 24.0 24.59 0 Leaf
-168.1 125.28 -61.87 55.84 63.99 29.98 0 Leaf
-141.57 34.21 -53.41 83.34 59.16 33.41 0 Leaf
-147.77 63.18 -58.74 4.3 18.44 15.97 0 Petiole
-158.96 94.12 -63.61 12.75 25.0 20.62 0 Petiole
-151.81 77.62 -63.63 7.07 6.0 9.64 0 Petiole
-187.61 -77.27 -58.26 64.37 46.16 16.08 0 Leaf
-166.3 -136.68 -46.54 66.71 33.33 55.59 0 Leaf
-175.77 -95.85 -72.76 8.62 12.33 15.5 0 Petiole
-166.61 -110.02 -69.75 12.96 12.0 20.52 0 Leaf
-169.55 -116.35 -71.28 6.75 7.33 26.83 0 Petiole
-100.63 114.95 -83.7 1.12 0.67 1.56 0 Stem
91.56 -65.01 -58.86 113.94 180.65 116.31 0 Plant
146.34 106.48 -55.5 175.54 102.37 75.86 0 Plant
41.17 91.62 -55.66 77.0 169.98 54.93 0 Plant
-122.46 82.98 -61.12 147.12 156.7 66.69 0 Plant
-176.37 -103.77 -51.72 86.84 99.15 65.95 0 Plant
-100.63 114.95 -83.7 1.12 0.67 1.56 0 Plant
-24.21 -73.67 -69.16 95.11 152.67 91.53 0 Plant
