80.04 -127.97 -40.47 78.05 72.47 38.79 0 Leaf
98.14 -61.85 -68.03 56.64 47.79 20.05 0 Leaf
99.45 -100.76 -72.86 5.14 17.95 23.69 0 Petiole
96.24 -93.78 -103.25 8.6 7.98 37.66 0 Stem
96.03 97.91 -64.59 61.15 81.41 18.73 0 Leaf
158.9 114.31 -67.01 34.2 33.1 10.59 0 Leaf
129.13 99.96 -73.1 20.04 3.32 22.2 0 Petiole
143.0 101.35 -77.44 11.04 5.85 8.59 0 Petiole
142.24 99.29 -103.49 1.26 0.66 13.62 0 Stem
40.73 40.52 -65.95 72.5 61.05 27.11 0 Leaf
51.72 102.15 -61.5 29.78 35.36 16.83 0 Leaf
42.18 75.43 -69.39 5.07 25.8 13.04 0 Petiole
30.22 97.6 -81.94 25.39 31.58 13.82 0 Embryonic_leaf
-164.07 -144.5 -60.69 68.19 51.03 15.34 0 Leaf
-167.12 -94.72 -73.39 31.25 24.6 9.24 0 Leaf
-165.95 -120.45 -77.24 5.45 18.35 17.07 0 Petiole
-114.72 -78.6 -97.91 19.1 25.6 10.37 0 Embryonic_leaf
-125.89 -92.95 -71.16 29.9 40.87 9.82 0 Leaf
-69.7 -74.81 -80.87 53.7 65.75 28.13 0 Leaf
-95.78 -90.07 -81.01 25.47 15.29 14.64 0 Petiole
-172.27 114.39 -56.5 65.81 63.83 31.49 0 Leaf
-159.09 82.31 -65.36 14.87 21.61 27.59 0 Petiole
-141.34 60.14 -71.21 34.94 29.79 29.15 0 Leaf
-21.75 -31.27 -63.54 73.06 57.09 24.49 0 Leaf
-34.37 -91.48 -69.63 33.01 35.95 17.87 0 Leaf
-30.02 -73.15 -81.24 5.08 11.9 18.33 0 Petiole
-30.43 -72.81 -107.79 3.87 4.59 21.38 0 Stem
-70.03 121.96 -79.4 30.01 47.05 29.33 0 Leaf
-87.23 115.86 -74.06 12.05 4.27 8.43 0 Petiole
-151.63 70.56 -69.01 6.28 9.2 5.68 0 Petiole
83.73 -101.08 -71.57 85.44 126.25 101.01 0 Plant
120.73 97.91 -82.76 110.55 81.41 55.07 0 Plant
40.73 64.92 -70.62 72.5 109.83 36.46 0 Plant
-164.07 -126.22 -69.4 68.19 87.6 32.75 0 Plant
-91.84 -77.66 -84.67 97.99 71.44 36.84 0 Plant
-164.52 95.77 -63.27 81.31 101.06 45.03 0 Plant
-21.75 -56.09 -84.89 73.06 106.73 67.18 0 Plant
-74.14 121.96 -79.4 38.23 47.05 29.33 0 Plant
