77.09 -46.38 -69.15 83.93 76.65 46.14 0 Leaf
115.15 -132.66 -60.19 87.08 68.67 31.01 0 Leaf
91.25 -94.68 -69.7 39.26 14.6 20.35 0 Leaf
105.39 -105.3 -72.61 22.84 22.56 26.84 0 Petiole
91.9 -84.06 -74.61 12.48 22.56 19.32 0 Petiole
95.26 -92.07 -101.4 6.47 8.06 33.44 0 Stem
-170.02 -86.36 -69.32 57.11 45.79 28.84 0 Leaf
-169.94 -148.64 -78.26 60.95 53.98 28.42 0 Leaf
-164.39 -111.8 -78.65 4.27 2.88 3.61 0 Petiole
-164.98 -124.86 -76.63 3.27 16.59 14.54 0 Petiole
-161.92 127.33 -65.84 62.7 65.7 35.4 0 Leaf
-138.88 55.97 -61.84 58.89 55.17 28.11 0 Leaf
-153.29 78.22 -63.7 9.4 5.97 17.81 0 Leaf
-157.01 92.33 -63.22 15.51 24.22 20.82 0 Petiole
-147.9 68.6 -61.28 4.5 9.29 10.55 0 Petiole
-144.62 -93.33 -79.39 34.87 73.0 29.81 0 Leaf
-74.91 -65.47 -77.29 51.78 61.03 30.3 0 Leaf
-96.82 -86.03 -78.96 18.82 22.56 17.63 0 Petiole
-124.38 -95.99 -80.19 23.5 1.33 11.08 0 Petiole
-110.26 -92.68 -73.11 9.22 7.94 5.96 0 Leaf
-32.94 -106.95 -60.4 59.1 61.7 27.9 0 Leaf
-30.57 -76.09 -67.45 8.93 6.61 11.97 0 Petiole
-13.72 -29.19 -66.28 68.85 61.47 31.32 0 Leaf
-25.58 -63.3 -72.13 14.31 24.89 24.05 0 Petiole
-36.61 -79.42 -117.63 15.62 17.25 62.26 0 Stem
-73.54 126.31 -75.93 44.49 53.04 27.25 0 Leaf
-87.06 114.01 -70.43 15.17 8.74 11.01 0 Petiole
-107.38 105.04 -68.75 17.6 18.62 13.51 0 Leaf
40.42 26.11 -59.87 66.86 59.69 23.7 0 Leaf
43.53 54.97 -60.37 5.25 45.76 23.33 0 Petiole
179.34 105.41 -69.39 63.34 69.63 32.45 0 Leaf
159.71 103.42 -70.11 30.68 12.57 14.26 0 Petiole
133.24 89.15 -61.09 19.12 18.54 14.15 0 Leaf
90.13 98.32 -54.49 65.67 88.78 19.32 0 Leaf
110.45 99.26 -58.74 26.56 4.32 21.91 0 Petiole
45.28 118.68 -54.03 54.93 65.65 15.8 0 Leaf
96.91 -87.52 -81.4 123.57 158.95 73.44 0 Plant
-169.94 -119.55 -73.68 60.95 112.16 37.58 0 Plant
-122.28 94.28 -68.67 141.97 131.8 41.76 0 Plant
-105.54 -82.39 -78.22 113.04 94.88 32.15 0 Plant
-20.89 -68.13 -97.61 83.2 139.34 102.31 0 Plant
40.42 73.88 -59.08 66.86 155.24 25.9 0 Plant
134.15 98.32 -65.22 153.72 88.78 40.79 0 Plant
