-166.76 -86.12 -73.58 39.35 31.69 10.92 0 Leaf
-175.23 -144.18 -51.57 62.92 51.48 47.44 0 Leaf
-165.89 -119.1 -76.42 9.51 21.26 18.83 0 Petiole
-129.97 -93.42 -73.46 40.22 51.37 27.01 0 Leaf
-67.19 -72.12 -76.66 54.97 64.2 26.21 0 Leaf
-91.04 -85.47 -80.42 20.31 9.8 14.43 0 Petiole
-108.38 -91.92 -82.71 12.43 4.1 12.94 0 Petiole
-162.63 137.64 -64.06 71.36 61.78 31.06 0 Leaf
-142.29 74.38 -68.55 45.29 32.51 29.5 0 Leaf
-154.46 100.84 -64.47 12.58 25.56 17.92 0 Petiole
-150.82 83.78 -68.4 6.93 7.74 9.31 0 Petiole
31.73 33.32 -72.13 69.38 57.74 27.65 0 Leaf
48.37 108.31 -55.06 38.48 45.64 15.84 0 Leaf
38.75 84.83 -88.03 6.1 6.64 27.92 0 Stem
40.59 70.3 -71.05 5.64 32.72 9.54 0 Petiole
95.76 96.02 -65.78 61.92 79.51 26.79 0 Leaf
165.44 109.88 -76.0 35.59 43.83 35.42 0 Leaf
128.67 99.85 -76.38 23.44 4.8 29.57 0 Petiole
146.28 102.01 -75.1 14.32 6.46 10.14 0 Petiole
83.02 -117.82 -38.51 91.77 82.28 34.55 0 Leaf
98.75 -45.21 -72.67 67.31 57.45 30.73 0 Leaf
95.7 -88.96 -100.7 7.4 5.98 33.41 0 Stem
97.47 -83.56 -78.75 6.29 13.95 14.92 0 Petiole
97.97 -103.73 -68.27 4.79 20.91 24.34 0 Petiole
-16.78 -26.67 -59.83 70.65 65.3 28.43 0 Leaf
-36.96 -98.88 -70.52 46.67 40.43 25.35 0 Leaf
-28.48 -65.46 -76.54 5.44 11.62 10.12 0 Petiole
-31.0 -75.65 -72.28 4.1 12.73 8.97 0 Petiole
-29.99 -72.65 -102.26 4.62 10.54 30.49 0 Stem
-66.02 130.56 -80.74 36.26 48.95 32.73 0 Leaf
-83.82 118.71 -75.47 16.91 9.3 12.52 0 Petiole
-175.23 -120.1 -56.85 62.92 99.64 57.98 0 Plant
-94.89 -79.56 -74.86 110.38 79.08 29.81 0 Plant
-123.1 113.33 -72.82 150.42 110.4 48.58 0 Plant
32.32 67.79 -74.56 70.57 126.68 54.84 0 Plant
124.02 96.02 -73.05 118.44 79.51 41.32 0 Plant
84.77 -87.72 -69.32 95.27 142.48 96.18 0 Plant
-20.87 -56.56 -81.56 78.83 125.09 71.88 0 Plant
