94.27 -30.88 -65.02 96.66 81.17 40.79 0 Leaf
108.56 -128.12 -37.87 79.38 63.89 50.97 0 Leaf
102.09 -96.34 -68.31 23.91 23.64 17.22 0 Leaf
96.47 -80.78 -74.19 7.89 25.47 23.49 0 Petiole
106.51 -106.07 -70.89 21.04 28.59 29.92 0 Petiole
92.81 -91.98 -106.39 11.5 10.93 46.26 0 Stem
-31.45 -117.77 -61.59 67.23 67.93 26.74 0 Leaf
-17.02 -23.49 -64.99 76.17 65.05 24.54 0 Leaf
-23.36 -72.17 -69.06 19.0 19.38 17.5 0 Leaf
-23.96 -59.48 -71.33 13.95 30.64 19.73 0 Petiole
-32.33 -88.29 -66.03 1.92 16.32 11.96 0 Petiole
-29.41 -75.54 -86.58 4.72 13.33 14.31 0 Stem
-145.29 -81.17 -57.13 59.69 76.53 21.08 0 Leaf
-105.17 -89.12 -73.43 15.02 16.65 15.52 0 Leaf
-74.03 -61.18 -78.4 53.46 59.2 31.16 0 Leaf
-88.53 -77.46 -76.5 13.56 14.65 13.16 0 Petiole
-114.5 -92.15 -83.14 17.21 10.6 26.84 0 Petiole
-182.69 -81.02 -64.95 56.89 46.19 20.6 0 Leaf
-166.53 -135.53 -47.12 60.94 26.42 57.18 0 Leaf
-163.56 -121.54 -74.7 2.43 11.77 17.83 0 Petiole
-165.61 -109.27 -76.96 8.51 5.0 14.14 0 Petiole
-164.75 128.26 -65.57 61.01 62.39 32.31 0 Leaf
-146.14 88.4 -49.82 11.61 13.32 13.34 0 Leaf
-138.87 50.7 -61.83 73.33 57.83 38.73 0 Leaf
-147.7 70.83 -65.47 11.32 22.15 18.96 0 Petiole
-155.34 96.18 -64.36 14.95 27.53 19.81 0 Petiole
-71.72 134.29 -82.42 43.39 47.8 35.79 0 Leaf
-108.73 111.72 -67.73 25.5 32.25 7.61 0 Leaf
-86.19 124.04 -74.77 13.44 8.66 8.86 0 Petiole
-98.53 116.69 -76.8 5.64 2.28 16.67 0 Petiole
-95.5 120.64 -75.58 6.06 8.51 3.85 0 Leaf
191.69 111.64 -64.93 68.79 75.78 40.73 0 Leaf
159.03 102.56 -69.98 18.53 6.99 12.28 0 Petiole
126.08 102.32 -69.02 27.65 11.85 29.74 0 Petiole
98.55 106.98 -57.21 48.08 82.45 24.07 0 Leaf
45.53 132.95 -51.76 62.96 73.11 18.7 0 Leaf
43.9 102.61 -61.25 5.35 23.09 15.29 0 Petiole
37.66 31.72 -58.03 69.65 59.83 31.06 0 Leaf
41.06 69.02 -60.04 6.24 41.17 30.99 0 Petiole
34.21 84.51 -56.87 22.86 18.19 25.71 0 Leaf
138.95 94.14 -58.26 13.33 24.79 11.18 0 Leaf
145.38 98.66 -68.53 4.32 5.86 9.7 0 Petiole
39.33 88.67 -95.13 9.34 4.79 29.37 0 Stem
97.09 -75.18 -70.95 102.31 169.76 117.13 0 Plant
-22.0 -71.35 -70.98 86.14 160.77 45.51 0 Plant
-111.22 -75.51 -71.58 127.84 87.85 49.97 0 Plant
-173.6 -103.33 -51.28 75.08 90.82 65.49 0 Plant
-122.64 90.62 -71.39 145.23 137.67 57.84 0 Plant
150.3 107.64 -64.93 151.58 83.78 40.73 0 Plant
39.92 85.66 -76.11 74.18 167.7 67.4 0 Plant
