-35.18 -103.74 -57.8 56.17 63.06 20.17 0 Leaf
-15.48 -29.89 -67.21 70.43 58.3 21.94 0 Leaf
-29.33 -75.18 -71.93 6.11 5.72 18.84 0 Petiole
-23.54 -60.36 -69.95 14.25 25.19 20.22 0 Petiole
-29.66 -75.46 -98.76 2.53 4.98 23.18 0 Stem
93.49 -44.8 -64.17 81.72 72.22 35.11 0 Leaf
107.39 -139.25 -62.15 85.61 66.27 32.3 0 Leaf
103.85 -111.97 -70.97 11.6 28.94 29.36 0 Petiole
92.26 -100.15 -69.58 27.88 22.52 29.32 0 Leaf
94.38 -94.12 -100.79 10.61 8.09 34.33 0 Stem
-168.86 123.42 -65.28 57.74 61.32 36.55 0 Leaf
-145.11 55.31 -64.82 66.13 53.69 28.56 0 Leaf
-153.43 75.63 -62.32 10.17 17.46 13.12 0 Petiole
-159.94 94.75 -64.27 16.41 25.19 21.95 0 Petiole
169.5 115.71 -76.67 50.06 58.72 43.8 0 Leaf
92.9 94.72 -61.39 58.03 83.47 29.12 0 Leaf
140.99 97.04 -62.72 12.8 12.55 23.44 0 Leaf
151.02 100.44 -73.76 16.83 7.5 12.27 0 Petiole
127.45 98.95 -69.49 33.15 9.73 32.56 0 Petiole
139.26 96.71 -92.65 5.31 5.26 1.21 0 Stem
43.68 118.25 -58.26 57.8 58.94 24.9 0 Leaf
34.35 34.41 -60.75 64.59 59.62 27.29 0 Leaf
39.41 84.31 -61.3 6.57 4.97 13.8 0 Petiole
38.71 68.09 -65.2 3.33 27.6 16.57 0 Petiole
-172.8 -90.19 -73.13 45.34 43.75 37.11 0 Leaf
-168.44 -151.51 -80.64 64.97 52.37 28.33 0 Leaf
-165.69 -115.55 -80.44 3.56 6.3 8.02 0 Petiole
-165.64 -128.79 -77.23 2.7 17.87 14.56 0 Petiole
-137.75 -84.9 -63.63 51.18 67.59 15.46 0 Leaf
-71.39 -71.31 -75.37 51.55 58.97 28.96 0 Leaf
-92.34 -86.17 -77.1 21.83 16.0 21.37 0 Petiole
-115.01 -96.16 -76.97 13.48 5.3 13.21 0 Petiole
-73.2 125.88 -80.95 43.09 54.3 33.31 0 Leaf
-104.16 104.69 -70.74 21.87 18.56 13.07 0 Leaf
-87.79 113.56 -76.34 13.22 7.46 14.05 0 Petiole
-21.76 -68.0 -79.03 83.0 134.53 62.63 0 Plant
101.41 -90.54 -81.98 97.56 163.7 71.96 0 Plant
-124.69 91.27 -72.31 146.07 125.61 50.61 0 Plant
129.21 99.03 -72.7 130.65 92.09 51.74 0 Plant
37.32 76.16 -60.11 70.52 143.13 28.59 0 Plant
-168.44 -123.0 -74.69 64.97 109.37 40.23 0 Plant
-104.48 -80.26 -72.88 117.72 76.87 33.95 0 Plant
