138.78 -71.19 -39.51 61.55 94.74 39.17 0 Leaf
89.1 -90.31 -34.68 13.94 22.56 21.62 0 Leaf
119.89 -145.87 -70.0 80.01 61.83 44.6 0 Leaf
76.02 -112.6 -39.38 14.93 15.25 11.79 0 Leaf
87.5 -100.26 -58.59 13.29 18.63 26.88 0 Petiole
112.35 -119.91 -73.46 12.24 11.36 10.43 0 Petiole
68.3 2.38 -44.55 107.26 102.8 44.91 0 Leaf
89.4 -66.2 -65.27 13.5 43.51 19.96 0 Petiole
107.21 -87.62 -48.68 30.73 9.32 20.24 0 Petiole
93.5 -97.07 -101.65 8.35 9.05 38.05 0 Stem
60.41 155.67 -29.23 79.31 79.34 19.38 0 Leaf
59.4 90.71 -27.13 25.31 48.97 27.57 0 Leaf
36.31 28.44 -52.1 66.73 59.1 25.24 0 Leaf
-11.83 80.0 -34.79 55.79 86.36 43.02 0 Leaf
46.72 108.02 -57.68 13.89 26.62 18.59 0 Petiole
32.03 89.39 -52.14 16.75 9.32 13.44 0 Leaf
45.0 87.56 -47.08 6.19 2.33 11.61 0 Petiole
2.39 80.94 -36.2 7.78 2.0 9.61 0 Petiole
38.14 66.03 -62.27 3.6 42.46 28.15 0 Petiole
39.45 92.79 -82.39 5.25 9.55 21.51 0 Stem
-193.65 -63.0 -48.62 78.99 67.87 26.09 0 Leaf
-184.98 -156.6 -55.12 52.99 48.35 43.02 0 Leaf
-153.66 -132.28 -52.78 55.32 44.08 20.37 0 Leaf
-178.46 -105.09 -72.47 6.28 20.96 11.42 0 Petiole
-172.15 -113.9 -58.1 13.48 11.31 24.88 0 Leaf
-173.7 -127.88 -79.92 0.46 3.33 1.79 0 Petiole
-130.32 120.58 -35.37 85.45 75.7 26.74 0 Leaf
-184.98 106.69 -69.32 50.27 61.22 31.76 0 Leaf
-166.07 56.61 -39.32 19.29 17.63 17.98 0 Leaf
-133.61 10.14 -46.13 86.91 71.75 32.06 0 Leaf
-146.13 36.48 -57.43 11.18 27.28 15.66 0 Petiole
-147.78 80.07 -54.15 15.03 27.95 17.36 0 Petiole
-168.06 76.74 -70.56 24.48 21.29 19.01 0 Petiole
-155.72 63.1 -56.45 6.4 4.66 6.37 0 Petiole
92.11 -61.5 -70.3 154.89 230.56 100.76 0 Plant
30.17 97.12 -53.21 139.78 196.46 79.86 0 Plant
-179.58 -104.92 -57.21 107.14 151.72 47.2 0 Plant
-148.86 66.35 -53.61 122.52 184.16 63.2 0 Plant
