-136.37 110.56 -40.11 86.72 72.3 40.68 0 Leaf
-191.45 102.93 -63.24 44.59 62.35 34.67 0 Leaf
-135.03 16.81 -50.19 85.37 74.07 45.24 0 Leaf
-165.14 57.33 -46.24 20.84 15.59 26.6 0 Leaf
-157.0 67.44 -89.24 3.51 3.32 14.85 0 Stem
-169.06 75.24 -68.08 22.22 21.56 14.44 0 Petiole
-151.12 44.23 -59.4 8.55 13.93 11.79 0 Petiole
-151.95 77.06 -48.9 13.96 25.21 25.44 0 Petiole
-194.16 -64.89 -55.73 75.81 53.06 33.3 0 Leaf
-156.93 -133.21 -49.51 56.24 47.76 18.78 0 Leaf
-171.68 -163.35 -57.98 65.58 57.64 33.75 0 Leaf
-175.1 -113.81 -53.21 6.5 4.97 10.79 0 Leaf
-180.4 -102.17 -67.39 10.78 26.8 19.04 0 Petiole
58.61 153.67 -34.41 72.25 72.3 44.89 0 Leaf
53.76 92.98 -24.21 25.48 46.43 25.75 0 Leaf
-11.95 78.92 -26.89 56.0 82.52 33.7 0 Leaf
49.82 27.31 -46.42 69.19 65.0 33.11 0 Leaf
36.67 91.72 -88.17 6.75 5.44 35.13 0 Stem
45.32 108.9 -54.18 22.18 34.49 25.42 0 Petiole
40.43 69.43 -61.63 6.51 39.14 25.34 0 Petiole
15.29 86.01 -40.36 31.5 8.62 30.47 0 Petiole
40.42 90.99 -49.74 5.66 3.98 17.61 0 Petiole
33.36 90.72 -48.23 7.48 4.19 5.47 0 Leaf
79.66 -11.49 -44.26 111.62 76.28 52.44 0 Leaf
127.85 -72.85 -41.61 59.3 86.89 53.83 0 Leaf
110.98 -135.2 -48.18 92.88 61.02 33.31 0 Leaf
109.53 -117.95 -68.25 19.65 26.53 24.94 0 Petiole
92.17 -94.96 -101.14 5.73 5.75 31.96 0 Stem
90.25 -67.37 -61.81 12.96 48.75 25.67 0 Petiole
108.9 -88.17 -47.36 13.31 4.11 20.68 0 Petiole
93.32 -90.42 -42.03 16.0 12.6 29.58 0 Leaf
70.75 -112.98 -44.64 20.88 13.93 10.28 0 Leaf
86.42 -101.7 -56.27 12.9 17.91 17.78 0 Petiole
-153.04 63.24 -58.22 121.4 166.93 76.9 0 Plant
-180.43 -115.27 -58.0 103.26 153.82 37.84 0 Plant
27.39 92.32 -57.88 134.69 195.01 95.69 0 Plant
90.67 -69.53 -65.91 133.66 192.36 102.42 0 Plant
