-193.56 -68.01 -55.64 80.35 64.2 21.62 0 Leaf
-160.1 -124.76 -54.98 37.78 33.31 14.67 0 Leaf
-173.96 -161.4 -60.93 59.62 51.96 34.43 0 Leaf
-179.82 -104.66 -72.73 8.02 17.54 14.66 0 Petiole
-175.25 -115.43 -68.89 9.06 4.0 14.76 0 Leaf
-169.84 -119.54 -65.86 2.16 2.44 6.35 0 Petiole
-136.34 15.2 -54.03 83.99 66.31 40.53 0 Leaf
-136.39 95.18 -48.37 58.38 65.5 37.8 0 Leaf
-174.49 108.05 -62.22 46.95 61.95 28.65 0 Leaf
-158.09 57.1 -53.58 7.83 5.33 16.0 0 Leaf
-147.9 35.87 -57.15 13.42 28.17 19.72 0 Petiole
-155.43 63.42 -59.43 13.01 17.99 17.65 0 Petiole
-165.94 72.7 -71.53 19.05 30.07 23.87 0 Petiole
64.8 148.63 -37.14 69.67 73.83 28.09 0 Leaf
50.52 29.28 -51.9 69.89 59.47 25.55 0 Leaf
5.87 92.69 -36.2 47.7 56.53 44.56 0 Leaf
48.77 89.74 -40.01 13.88 21.32 22.89 0 Leaf
50.14 107.84 -58.26 13.63 23.74 17.33 0 Petiole
45.68 68.49 -61.36 11.44 40.1 27.4 0 Petiole
23.62 86.15 -40.05 17.83 6.99 25.8 0 Petiole
42.73 90.55 -78.82 2.77 4.02 17.19 0 Stem
40.65 91.02 -59.49 6.22 10.57 17.23 0 Petiole
91.71 -4.19 -49.82 108.08 95.25 41.11 0 Leaf
129.49 -74.99 -42.71 47.18 56.9 27.01 0 Leaf
108.45 -134.21 -58.78 80.76 72.13 39.29 0 Leaf
75.72 -113.12 -43.97 18.83 12.62 9.93 0 Leaf
94.41 -76.13 -67.46 5.9 35.97 17.31 0 Petiole
105.7 -110.79 -76.64 7.64 5.36 7.15 0 Petiole
93.18 -98.78 -100.26 7.59 7.99 34.12 0 Stem
88.3 -101.79 -57.14 6.72 11.34 19.29 0 Petiole
103.74 -89.79 -55.82 11.34 8.66 16.76 0 Petiole
94.7 -95.47 -53.09 9.8 6.62 14.9 0 Leaf
-187.47 -111.64 -61.89 92.52 151.46 36.35 0 Plant
-146.16 60.54 -56.47 103.61 156.99 54.0 0 Plant
40.83 92.54 -50.67 117.61 186.0 73.5 0 Plant
95.38 -63.42 -73.26 115.4 213.71 88.11 0 Plant
